
[tomas@nixbtw:~/projects/Robotics/current/libs/lyfast]$ mu
Not sending analytics for this command.

Compiled src/lyfast/geometry/line.c++ [OK]
Compiled src/lyfast/geometry/curve.c++ [OK]
Compiled src/lyfast/geometry/cubicBezier.c++ [OK]
Compiled src/lyfast/geometry/spline.c++ [OK]
Compiled src/lyfast/motion_profiling/mp.c++ [OK]
mkdir: cannot create directory ‘./bin’: File exists
make: [common.mk:213: bin/lyfast.a] Error 1 (ignored)
Creating bin/lyfast.a  [DONE]
Creating cold package with blazing,Eigen,float_units,libc,liblvgl,libm,libpros,lyfast [OK]
Stripping cold package  [DONE]
Section sizes:
   text    data     bss   total     hex filename
2.62MB  5.05KB  57.24MB  59.86MB 3bda8b2 bin/cold.package.elf
Creating cold package binary for VEX EDR V5 [DONE]
t
Compiled src/main.cpp [WARNINGS]
In file included from ./include/blazing/api.hpp:19,
                 from src/main.cpp:2:
./include/blazing/trackers/arc_odom.hpp: In member function 'void blazing::ArcOdomTracker::update()':
./include/blazing/trackers/arc_odom.hpp:318:20: warning: variable 'delta_time' set but not used [-Wunused-but-set-variable]
  318 |         const Time delta_time = deltaTime(last_time);
      |                    ^~~~~~~~~~
In file included from ./include/api.h:68,
                 from ./include/main.h:37,
                 from src/main.cpp:1:
./include/pros/imu.hpp: At global scope:
./include/pros/imu.hpp:145:30: warning: 'virtual int32_t pros::v5::Imu::reset(bool) const' was hidden [-Woverloaded-virtual=]
  145 |         virtual std::int32_t reset(bool blocking = false) const;
      |                              ^~~~~
src/main.cpp:41:13: note:   by 'int32_t ScaledIMU::reset(bool)'
   41 |     int32_t reset(bool blocking = false) {
      |             ^~~~~
./include/pros/imu.hpp:786:30: warning: 'virtual int32_t pros::v5::Imu::set_rotation(double) const' was hidden [-Woverloaded-virtual=]
  786 |         virtual std::int32_t set_rotation(const double target) const;
      |                              ^~~~~~~~~~~~
src/main.cpp:56:17: note:   by 'virtual int ScaledIMU::set_rotation(double)'
   56 |     virtual int set_rotation(double new_rotation) {
      |                 ^~~~~~~~~~~~
Adding timestamp [OK]
Linking hot project with ./bin/cold.package.elf and blazing,Eigen,float_units,libc,liblvgl,libm,libpros,lyfast [OK]
Section sizes:
   text    data     bss   total     hex filename
82.24KB 452.00B  46.02MB  46.10MB 2e18b66 bin/hot.package.elf
Creating bin/hot.package.bin for VEX EDR V5 [DONE]
Uploading program "lyfast" (lyfast) to V5 slot 1 on /dev/ttyACM0 (compressed)
Compressing library [####################################] 100%
Library is already onboard V5
Uploading slot_1.ini [####################################] 100%
Compressing binary [####################################] 100%
Uploading slot_1.bin (hot.package.bin) [####################################] 100%
Finished uploading "lyfast" (lyfast) to V5

[tomas@nixbtw:~/projects/Robotics/current/libs/lyfast]$ t
Not sending analytics for this command.

Established terminal connection



         _+=+_
      .-`  .  `-.          8888888b.  8888888b.   .d88888b.   .d8888b.
   _+`     "     `+_       888   Y88b 888   Y88b d88P" "Y88b d88P  Y88b
  \\\sssssssssssss///      888    888 888    888 888     888 Y88b.
     .ss\  *  /ss.         888   d88P 888   d88P 888     888  "Y888b.
 .+bm  .s  *  s.  md+.     8888888P"  8888888P"  888     888     "Y88b.
.hMMMMs .  *  . sMMMMh.    888        888 T88b   888     888       "888
 `\hMMMb \ | / dMMMh:      888        888  T88b  Y88b. .d88P Y88b  d88P
   -SNMNo  -  oNMNs-       888        888   T88b  "Y88888P"   "Y8888P"
     `+dMh\./dMd/
        `:yNy:`                      Powered by PROS for VEX V5
           "                Copyright (c) Purdue University ACM SIGBots
Version:        4.2.1     Platform:  V1.1.5 (b18)     Uptime:    0.000 s
Compiled:   Jan  1 1980 00:00:00     Directory:


total distance: 54.536701
delta_distance: 0.100000
allocated for points 555
adding points:1005
isolated constraints:1421
forwards pass:1728
backwards pass:3922
travel times:3993
final time:4004
a_{kin}=\left[46.02,45.7615,45.5051,45.251,44.9991,44.7494,44.5019,44.2566,44.0136,43.7728,43.5342,43.2979,43.0638,42.832,42.6024,42.3751,42.15,41.9272,41.7067,41.4885,41.2725,41.0588,40.8475,40.6384,40.4316,40.2271,40.025,39.8251,39.6276,39.4324,39.2396,39.0491,38.8609,38.6751,38.4917,38.3106,38.1319,37.9555,37.7816,37.61,37.4408,37.2741,37.1097,36.9477,36.7882,36.6311,36.4764,36.3242,36.1744,36.0271,35.8822,35.7399,35.5999,35.4625,35.3276,35.1951,35.0652,34.9378,34.8129,34.6906,34.5708,34.4536,34.3389,34.2268,34.1172,34.0103,33.9059,33.8042,33.7051,33.6086,33.5148,33.4236,33.335,33.2492,33.166,33.0855,33.0078,32.9327,32.8604,32.7909,32.724,32.66,32.5988,32.5403,32.4847,32.4319,32.3819,32.3348,32.2906,32.2492,32.2108,32.1753,32.1427,32.1131,32.0864,32.0628,32.0422,32.0246,32.01,31.9986,31.9902,31.9849,31.9828,31.9838,31.9881,31.9955,32.0062,32.0201,32.0373,32.0578,32.0817,32.1089,32.1395,32.1735,32.211,32.252,32.2965,32.3446,32.3962,32.4515,32.5104,32.573,32.6393,32.7095,32.7834,32.8612,32.9429,33.0285,33.1181,33.2118,33.3095,33.4114,33.5175,33.6278,33.7424,33.8614,33.9847,34.1126,34.245,34.382,34.5237,34.6701,34.8213,34.9774,35.1384,35.3045,35.4757,35.6522,35.8339,36.021,36.2136,36.4117,36.6156,36.8252,37.0407,37.2622,37.4898,37.7237,37.9639,38.2106,38.4639,38.724,38.991,39.265,39.5463,39.8349,40.1311,40.435,40.7468,41.0667,41.3949,41.7315,42.0769,42.4312,42.7946,43.1675,43.55,43.9424,44.345,44.7581,45.1819,45.6168,46.0632,46.5213,46.9915,47.4741,47.9697,48.4785,49.0011,49.5378,50.0891,50.6556,51.2377,51.8361,52.4512,53.0837,53.7342,54.4034,55.092,55.8008,56.5305,57.282,58.0561,58.8538,59.6761,60.524,61.3987,62.3012,63.2329,64.1951,65.1892,66.2167,67.2792,68.3784,69.5162,70.6945,71.9154,73.1811,74.4942,75.857,77.2725,78.7437,80.2738,81.8662,83.5249,85.2538,87.0574,88.9407,90.9088,92.9675,95.1232,97.3827,99.7536,102.244,104.864,107.623,110.532,113.604,116.853,120.295,123.946,127.828,131.961,136.372,141.089,146.145,151.578,157.431,163.756,170.61,178.065,186.202,195.118,204.933,215.788,227.858,241.358,256.56,273.806,293.539,316.337,342.975,374.513,412.437,458.909,517.182,592.41,693.246,835.451,1051.06,1416.65,2172.21,4654.93,9997.9,3620.03,1916.55,1303.26,987.324,794.679,664.936,571.614,501.262,446.331,402.249,366.093,335.901,310.309,288.341,269.279,252.581,237.833,224.714,212.966,202.386,192.809,184.097,176.14,168.842,162.126,155.925,150.181,144.846,139.878,135.241,130.901,126.833,123.011,119.414,116.022,112.819,109.789,106.918,104.195,101.609,99.1487,96.8064,94.5735,92.4426,90.4071,88.4607,86.5978,84.8132,83.1022,81.4605,79.884,78.3689,76.9119,75.5098,74.1596,72.8585,71.6042,70.3941,69.226,68.098,67.0081,65.9544,64.9354,63.9493,62.9948,62.0705,61.175,60.3071,59.4656,58.6495,57.8577,57.0892,56.3432,55.6187,54.915,54.2313,53.5667,52.9207,52.2925,51.6816,51.0873,50.5091,49.9464,49.3987,48.8655,48.3464,47.8408,47.3485,46.8689,46.4017,45.9465,45.503,45.0708,44.6496,44.2391,43.839,43.4491,43.0689,42.6984,42.3372,41.9851,41.6419,41.3073,40.9812,40.6633,40.3534,40.0514,39.7571,39.4702,39.1908,38.9184,38.6531,38.3947,38.143,37.8979,37.6593,37.4269,37.2009,36.9808,36.7668,36.5586,36.3562,36.1594,35.9682,35.7825,35.6021,35.427,35.257,35.0922,34.9324,34.7776,34.6276,34.4824,34.3419,34.2061,34.0749,33.9482,33.826,33.7082,33.5947,33.4856,33.3806,33.2798,33.1832,33.0906,33.0021,32.9176,32.837,32.7603,32.6874,32.6184,32.5531,32.4915,32.4337,32.3795,32.3289,32.2819,32.2385,32.1986,32.1621,32.1292,32.0996,32.0735,32.0507,32.0312,32.0151,32.0022,31.9926,31.9863,31.9831,31.9832,31.9864,31.9927,32.0022,32.0148,32.0304,32.0491,32.0709,32.0956,32.1234,32.1541,32.1878,32.2245,32.2641,32.3066,32.352,32.4002,32.4514,32.5054,32.5622,32.6219,32.6843,32.7496,32.8176,32.8884,32.962,33.0383,33.1173,33.199,33.2835,33.3706,33.4605,33.5529,33.6481,33.7459,33.8464,33.9494,34.0552,34.1635,34.2744,34.3879,34.5039,34.6226,34.7438,34.8676,34.9939,35.1227,35.2541,35.388,35.5244,35.6633,35.8047,35.9487,36.095,36.2439,36.3952,36.549,36.7052,36.8639,37.025,37.1886,37.3546,37.523,37.6938,37.867,38.0426,38.2206,38.401,38.5838,38.7689,38.9564,39.1463,39.3385,39.5331,39.7301,39.9293,40.1309,40.3349,40.5411,40.7497,40.9606,41.1738,41.3893,41.6071,41.8272,42.0496,42.2743,42.5012,42.7305,42.962,43.1957,43.4318,43.67,43.9105,44.1533,44.3983,44.6456,44.8951,45.1468,45.4007,45.6569,45.9153,46.02\right]
a_{turn}=\left[\right]
d_{kin}=\left[46.02,45.7615,45.5051,45.251,44.9991,44.7494,44.5019,44.2566,44.0136,43.7728,43.5342,43.2979,43.0638,42.832,42.6024,42.3751,42.15,41.9272,41.7067,41.4885,41.2725,41.0588,40.8475,40.6384,40.4316,40.2271,40.025,39.8251,39.6276,39.4324,39.2396,39.0491,38.8609,38.6751,38.4917,38.3106,38.1319,37.9555,37.7816,37.61,37.4408,37.2741,37.1097,36.9477,36.7882,36.6311,36.4764,36.3242,36.1744,36.0271,35.8822,35.7399,35.5999,35.4625,35.3276,35.1951,35.0652,34.9378,34.8129,34.6906,34.5708,34.4536,34.3389,34.2268,34.1172,34.0103,33.9059,33.8042,33.7051,33.6086,33.5148,33.4236,33.335,33.2492,33.166,33.0855,33.0078,32.9327,32.8604,32.7909,32.724,32.66,32.5988,32.5403,32.4847,32.4319,32.3819,32.3348,32.2906,32.2492,32.2108,32.1753,32.1427,32.1131,32.0864,32.0628,32.0422,32.0246,32.01,31.9986,31.9902,31.9849,31.9828,31.9838,31.9881,31.9955,32.0062,32.0201,32.0373,32.0578,32.0817,32.1089,32.1395,32.1735,32.211,32.252,32.2965,32.3446,32.3962,32.4515,32.5104,32.573,32.6393,32.7095,32.7834,32.8612,32.9429,33.0285,33.1181,33.2118,33.3095,33.4114,33.5175,33.6278,33.7424,33.8614,33.9847,34.1126,34.245,34.382,34.5237,34.6701,34.8213,34.9774,35.1384,35.3045,35.4757,35.6522,35.8339,36.021,36.2136,36.4117,36.6156,36.8252,37.0407,37.2622,37.4898,37.7237,37.9639,38.2106,38.4639,38.724,38.991,39.265,39.5463,39.8349,40.1311,40.435,40.7468,41.0667,41.3949,41.7315,42.0769,42.4312,42.7946,43.1675,43.55,43.9424,44.345,44.7581,45.1819,45.6168,46.0632,46.5213,46.9915,47.4741,47.9697,48.4785,49.0011,49.5378,50.0891,50.6556,51.2377,51.8361,52.4512,53.0837,53.7342,54.4034,55.092,55.8008,56.5305,57.282,58.0561,58.8538,59.6761,60.524,61.3987,62.3012,63.2329,64.1951,65.1892,66.2167,67.2792,68.3784,69.5162,70.6945,71.9154,73.1811,74.4942,75.857,77.2725,78.7437,80.2738,81.8662,83.5249,85.2538,87.0574,88.9407,90.9088,92.9675,93.3054,93.4506,93.5963,93.7425,93.8893,94.0366,94.1844,94.3328,94.4816,94.631,94.781,94.9314,95.0824,95.2338,95.3858,95.5383,95.6914,95.8449,95.999,96.1535,96.3086,96.4642,96.6203,96.777,96.9341,97.0918,97.25,97.4087,97.568,97.7278,97.8881,98.0489,98.2102,98.3721,98.5346,98.6975,98.8611,99.0251,99.1897,99.3548,99.5205,99.6868,99.8536,99.979,99.8118,99.6452,99.479,99.3135,99.1485,98.984,98.8201,98.6567,98.4939,98.3316,98.1698,98.0086,97.8479,97.6877,97.5281,97.369,97.2104,97.0523,96.8948,96.7377,96.5812,96.4252,96.2698,96.1148,95.9604,95.8064,95.653,95.5001,95.3477,95.1959,95.0445,94.8937,94.7434,94.5936,94.4443,94.2956,94.1473,93.9996,93.8525,93.7058,93.5597,93.4142,93.2691,92.4426,90.4071,88.4607,86.5978,84.8132,83.1022,81.4605,79.884,78.3689,76.9119,75.5098,74.1596,72.8585,71.6042,70.3941,69.226,68.098,67.0081,65.9544,64.9354,63.9493,62.9948,62.0705,61.175,60.3071,59.4656,58.6495,57.8577,57.0892,56.3432,55.6187,54.915,54.2313,53.5667,52.9207,52.2925,51.6816,51.0873,50.5091,49.9464,49.3987,48.8655,48.3464,47.8408,47.3485,46.8689,46.4017,45.9465,45.503,45.0708,44.6496,44.2391,43.839,43.4491,43.0689,42.6984,42.3372,41.9851,41.6419,41.3073,40.9812,40.6633,40.3534,40.0514,39.7571,39.4702,39.1908,38.9184,38.6531,38.3947,38.143,37.8979,37.6593,37.4269,37.2009,36.9808,36.7668,36.5586,36.3562,36.1594,35.9682,35.7825,35.6021,35.427,35.257,35.0922,34.9324,34.7776,34.6276,34.4824,34.3419,34.2061,34.0749,33.9482,33.826,33.7082,33.5947,33.4856,33.3806,33.2798,33.1832,33.0906,33.0021,32.9176,32.837,32.7603,32.6874,32.6184,32.5531,32.4915,32.4337,32.3795,32.3289,32.2819,32.2385,32.1986,32.1621,32.1292,32.0996,32.0735,32.0507,32.0312,32.0151,32.0022,31.9926,31.9863,31.9831,31.9832,31.9864,31.9927,32.0022,32.0148,32.0304,32.0491,32.0709,32.0956,32.1234,32.1541,32.1878,32.2245,32.2641,32.3066,32.352,32.4002,32.4514,32.5054,32.5622,32.6219,32.6843,32.7496,32.8176,32.8884,32.962,33.0383,33.1173,33.199,33.2835,33.3706,33.4605,33.5529,33.6481,33.7459,33.8464,33.9494,34.0552,34.1635,34.2744,34.3879,34.5039,34.6226,34.7438,34.8676,34.9939,35.1227,35.2541,35.388,35.5244,35.6633,35.8047,35.9487,36.095,36.2439,36.3952,36.549,36.7052,36.8639,37.025,37.1886,37.3546,37.523,37.6938,37.867,38.0426,38.2206,38.401,38.5838,38.7689,38.9564,39.1463,39.3385,39.5331,39.7301,39.9293,40.1309,40.3349,40.5411,40.7497,40.9606,41.1738,41.3893,41.6071,41.8272,42.0496,42.2743,42.5012,42.7305,42.962,43.1957,43.4318,43.67,43.9105,44.1533,44.3983,44.6456,44.8951,45.1468,45.4007,45.6569,45.9153,46.02\right]
d_{turn}=\left[\right]
v_{kin}=\left[52.2509,52.2128,52.1747,52.1365,52.0983,52.06,52.0217,51.9834,51.9451,51.9068,51.8684,51.8301,51.7917,51.7534,51.7151,51.6768,51.6386,51.6004,51.5622,51.5241,51.486,51.4481,51.4101,51.3723,51.3345,51.2969,51.2593,51.2219,51.1846,51.1474,51.1103,51.0734,51.0366,51,50.9636,50.9273,50.8913,50.8554,50.8197,50.7843,50.7491,50.7141,50.6793,50.6449,50.6106,50.5767,50.543,50.5097,50.4766,50.4439,50.4115,50.3794,50.3477,50.3163,50.2853,50.2547,50.2245,50.1946,50.1652,50.1362,50.1077,50.0796,50.052,50.0248,49.9981,49.9719,49.9462,49.921,49.8964,49.8723,49.8487,49.8257,49.8033,49.7815,49.7602,49.7396,49.7195,49.7001,49.6814,49.6632,49.6458,49.629,49.6129,49.5974,49.5827,49.5687,49.5554,49.5428,49.531,49.5199,49.5096,49.5001,49.4913,49.4833,49.4761,49.4697,49.4641,49.4593,49.4554,49.4523,49.45,49.4486,49.448,49.4483,49.4494,49.4515,49.4543,49.4581,49.4628,49.4684,49.4748,49.4822,49.4904,49.4996,49.5097,49.5207,49.5326,49.5455,49.5592,49.5739,49.5895,49.6061,49.6235,49.6419,49.6613,49.6815,49.7027,49.7249,49.7479,49.7719,49.7968,49.8227,49.8494,49.8771,49.9057,49.9352,49.9656,49.997,50.0292,50.0624,50.0964,50.1314,50.1672,50.2039,50.2415,50.28,50.3193,50.3595,50.4006,50.4425,50.4853,50.5289,50.5733,50.6186,50.6647,50.7116,50.7593,50.8078,50.8571,50.9072,50.958,51.0097,51.0621,51.1152,51.1691,51.2237,51.2791,51.3352,51.392,51.4495,51.5076,51.5665,51.6261,51.6863,51.7472,51.8088,51.871,51.9338,51.9973,52.0613,52.126,52.1913,52.2573,52.3237,52.3908,52.4584,52.5266,52.5954,52.6647,52.7346,52.805,52.8759,52.9473,53.0192,53.0917,53.1646,53.238,53.3119,53.3863,53.4612,53.5365,53.6122,53.6885,53.7651,53.8422,53.9197,53.9977,54.0761,54.1548,54.234,54.3136,54.3936,54.474,54.5548,54.6359,54.7175,54.7994,54.8816,54.9643,55.0473,55.1307,55.2144,55.2984,55.3829,55.4676,55.5527,55.6382,55.7239,55.81,55.8965,55.9833,56.0703,56.1578,56.2455,56.3336,56.422,56.5106,56.5997,56.689,56.7786,56.8686,56.9588,57.0494,57.1403,57.2315,57.323,57.4148,57.5069,57.5994,57.6921,57.7852,57.8785,57.9722,58.0662,58.1605,58.2551,58.35,58.4452,58.5408,58.6367,58.7328,58.8293,58.9261,59.0233,59.1207,59.2185,59.3166,59.4151,59.5138,59.6129,59.7123,59.8121,59.9122,59.9874,59.8871,59.7871,59.6874,59.5881,59.4891,59.3904,59.2921,59.194,59.0963,58.999,58.9019,58.8052,58.7088,58.6126,58.5169,58.4214,58.3262,58.2314,58.1369,58.0427,57.9487,57.8552,57.7619,57.6689,57.5762,57.4839,57.3918,57.3001,57.2086,57.1175,57.0267,56.9362,56.846,56.7562,56.6666,56.5773,56.4884,56.3998,56.3115,56.2235,56.1358,56.0485,55.9615,55.8748,55.7884,55.7024,55.6167,55.5313,55.4463,55.3616,55.2773,55.1933,55.1097,55.0264,54.9435,54.8609,54.7787,54.6969,54.6155,54.5344,54.4537,54.3734,54.2935,54.214,54.1349,54.0562,53.9779,53.9001,53.8227,53.7457,53.6691,53.593,53.5173,53.4421,53.3674,53.2931,53.2193,53.146,53.0731,53.0008,52.929,52.8577,52.7869,52.7166,52.6469,52.5777,52.509,52.441,52.3734,52.3065,52.2401,52.1744,52.1092,52.0446,51.9807,51.9173,51.8546,51.7926,51.7312,51.6704,51.6103,51.5509,51.4922,51.4342,51.3768,51.3202,51.2643,51.2091,51.1546,51.1009,51.0479,50.9957,50.9442,50.8935,50.8436,50.7945,50.7462,50.6987,50.6519,50.606,50.561,50.5167,50.4733,50.4307,50.389,50.3481,50.3081,50.269,50.2307,50.1934,50.1569,50.1212,50.0865,50.0527,50.0198,49.9878,49.9566,49.9265,49.8972,49.8688,49.8414,49.8149,49.7893,49.7646,49.7409,49.7181,49.6962,49.6752,49.6552,49.6362,49.618,49.6008,49.5845,49.5692,49.5548,49.5413,49.5287,49.5171,49.5063,49.4965,49.4876,49.4797,49.4726,49.4664,49.4611,49.4568,49.4533,49.4507,49.4489,49.4481,49.4481,49.449,49.4507,49.4533,49.4567,49.4609,49.466,49.4719,49.4786,49.4861,49.4944,49.5035,49.5133,49.5239,49.5353,49.5474,49.5603,49.5739,49.5882,49.6032,49.619,49.6354,49.6524,49.6702,49.6886,49.7077,49.7274,49.7477,49.7687,49.7902,49.8123,49.835,49.8583,49.8822,49.9066,49.9315,49.9569,49.9829,50.0094,50.0363,50.0638,50.0917,50.12,50.1489,50.1781,50.2078,50.2379,50.2683,50.2992,50.3304,50.3621,50.394,50.4263,50.459,50.492,50.5253,50.5589,50.5927,50.6269,50.6614,50.6961,50.731,50.7662,50.8016,50.8373,50.8731,50.9092,50.9455,50.9819,51.0185,51.0553,51.0923,51.1294,51.1666,51.204,51.2415,51.2791,51.3168,51.3546,51.3925,51.4305,51.4685,51.5067,51.5449,51.5831,51.6214,51.6598,51.6981,51.7365,51.775,51.8134,51.8518,51.8903,51.9287,51.9672,52.0056,52.044,52.0824,52.1207,52.159,52.1973,52.2355,52.2509\right]
v_{turn}=\left[70.8,70.4023,70.0079,69.6169,69.2294,68.8452,68.4645,68.0871,67.7132,67.3428,66.9757,66.6121,66.252,65.8954,65.5422,65.1924,64.8462,64.5034,64.1642,63.8284,63.4962,63.1674,62.8423,62.5206,62.2025,61.8879,61.5769,61.2695,60.9656,60.6653,60.3686,60.0755,59.7861,59.5002,59.218,58.9394,58.6644,58.3931,58.1255,57.8616,57.6013,57.3447,57.0918,56.8427,56.5973,56.3555,56.1176,55.8834,55.653,55.4263,55.2034,54.9844,54.7691,54.5577,54.3501,54.1464,53.9465,53.7505,53.5584,53.3702,53.1859,53.0055,52.829,52.6566,52.4881,52.3235,52.163,52.0065,51.854,51.7056,51.5612,51.4209,51.2847,51.1526,51.0246,50.9008,50.7812,50.6657,50.5545,50.4475,50.3447,50.2462,50.1519,50.062,49.9764,49.8952,49.8183,49.7458,49.6778,49.6142,49.555,49.5004,49.4503,49.4047,49.3638,49.3274,49.2957,49.2686,49.2462,49.2286,49.2157,49.2076,49.2043,49.2059,49.2124,49.2239,49.2403,49.2617,49.2881,49.3197,49.3564,49.3983,49.4454,49.4978,49.5554,49.6185,49.6869,49.7609,49.8403,49.9253,50.016,50.1123,50.2144,50.3222,50.436,50.5557,50.6813,50.8131,50.951,51.095,51.2454,51.4022,51.5653,51.7351,51.9114,52.0944,52.2842,52.4809,52.6846,52.8954,53.1133,53.3385,53.5712,53.8113,54.0591,54.3147,54.5781,54.8495,55.1291,55.4169,55.7132,56.0181,56.3316,56.6541,56.9857,57.3265,57.6766,58.0364,58.406,58.7855,59.1752,59.5754,59.9861,60.4077,60.8405,61.2845,61.7402,62.2077,62.6874,63.1795,63.6844,64.2024,64.7337,65.2788,65.8379,66.4115,67,67.6037,68.2231,68.8586,69.5106,70.1798,70.8664,71.5712,72.2945,73.0372,73.7995,74.5824,75.3863,76.212,77.0602,77.9317,78.8273,79.7478,80.6941,81.6672,82.668,83.6976,84.757,85.8474,86.97,88.1261,89.3171,90.5444,91.8094,93.1139,94.4595,95.8481,97.2814,98.7617,100.291,101.872,103.506,105.198,106.948,108.761,110.639,112.586,114.606,116.703,118.881,121.144,123.498,125.948,128.5,131.16,133.935,136.832,139.86,143.027,146.343,149.82,153.467,157.299,161.329,165.573,170.049,174.775,179.774,185.068,190.686,196.658,203.017,209.803,217.06,224.838,233.197,242.202,251.932,262.478,273.946,286.464,300.182,315.282,331.981,350.55,371.321,394.708,421.241,451.599,486.673,527.654,576.173,634.519,706.013,795.665,911.4,1066.53,1285.31,1617.01,2179.46,3341.86,7161.43,50097.7,5569.28,2948.53,2005.01,1518.96,1222.58,1022.98,879.405,771.173,686.662,618.844,563.22,516.77,477.398,443.602,414.275,388.586,365.898,345.713,327.64,311.363,296.629,283.227,270.984,259.757,249.425,239.884,231.047,222.84,215.197,208.062,201.387,195.128,189.248,183.714,178.496,173.567,168.905,164.489,160.3,156.321,152.536,148.933,145.498,142.219,139.088,136.093,133.227,130.482,127.85,125.324,122.898,120.568,118.326,116.169,114.092,112.09,110.16,108.299,106.502,104.766,103.089,101.468,99.9006,98.3836,96.9151,95.493,94.1153,92.7801,91.4855,90.23,89.0118,87.8295,86.6818,85.5673,84.4847,83.4327,82.4103,81.4165,80.4501,79.5102,78.5959,77.7063,76.8406,75.998,75.1777,74.379,73.6013,72.8438,72.106,71.3872,70.6869,70.0046,69.3396,68.6917,68.0602,67.4446,66.8447,66.2599,65.6898,65.1341,64.5925,64.0644,63.5497,63.048,62.5589,62.0822,61.6175,61.1647,60.7235,60.2935,59.8745,59.4664,59.0688,58.6816,58.3045,57.9373,57.5799,57.2321,56.8936,56.5643,56.244,55.9326,55.6299,55.3357,55.0499,54.7724,54.503,54.2416,53.988,53.7422,53.5039,53.2732,53.0498,52.8337,52.6248,52.423,52.228,52.04,51.8588,51.6842,51.5162,51.3548,51.1998,51.0511,50.9087,50.7725,50.6424,50.5184,50.4004,50.2883,50.1821,50.0817,49.987,49.898,49.8146,49.7368,49.6645,49.5977,49.5363,49.4802,49.4295,49.384,49.3438,49.3087,49.2788,49.254,49.2342,49.2194,49.2097,49.2048,49.2049,49.2098,49.2196,49.2342,49.2535,49.2776,49.3063,49.3398,49.3779,49.4206,49.4679,49.5198,49.5761,49.6371,49.7024,49.7723,49.8465,49.9252,50.0083,50.0957,50.1875,50.2836,50.384,50.4886,50.5976,50.7107,50.8281,50.9497,51.0754,51.2054,51.3394,51.4776,51.6199,51.7663,51.9168,52.0714,52.2299,52.3925,52.5592,52.7298,52.9044,53.083,53.2655,53.452,53.6424,53.8368,54.035,54.2371,54.4431,54.6529,54.8667,55.0842,55.3056,55.5308,55.7598,55.9927,56.2292,56.4696,56.7137,56.9616,57.2132,57.4685,57.7276,57.9904,58.2569,58.5271,58.8009,59.0784,59.3596,59.6445,59.933,60.2251,60.5208,60.8202,61.1232,61.4297,61.7399,62.0537,62.371,62.6919,63.0163,63.3443,63.6759,64.011,64.3496,64.6917,65.0374,65.3865,65.7392,66.0953,66.455,66.8181,67.1847,67.5547,67.9282,68.3051,68.6855,69.0693,69.4566,69.8473,70.2414,70.6389,70.8\right]
v_{friction}=\left[52.2509,52.2128,52.1747,52.1365,52.0983,52.06,52.0217,51.9834,51.9451,51.9068,51.8684,51.8301,51.7917,51.7534,51.7151,51.6768,51.6386,51.6004,51.5622,51.5241,51.486,51.4481,51.4101,51.3723,51.3345,51.2969,51.2593,51.2219,51.1846,51.1474,51.1103,51.0734,51.0366,51,50.9636,50.9273,50.8913,50.8554,50.8197,50.7843,50.7491,50.7141,50.6793,50.6449,50.6106,50.5767,50.543,50.5097,50.4766,50.4439,50.4115,50.3794,50.3477,50.3163,50.2853,50.2547,50.2245,50.1946,50.1652,50.1362,50.1077,50.0796,50.052,50.0248,49.9981,49.9719,49.9462,49.921,49.8964,49.8723,49.8487,49.8257,49.8033,49.7815,49.7602,49.7396,49.7195,49.7001,49.6814,49.6632,49.6458,49.629,49.6129,49.5974,49.5827,49.5687,49.5554,49.5428,49.531,49.5199,49.5096,49.5001,49.4503,49.4047,49.3638,49.3274,49.2957,49.2686,49.2462,49.2286,49.2157,49.2076,49.2043,49.2059,49.2124,49.2239,49.2403,49.2617,49.2881,49.3197,49.3564,49.3983,49.4454,49.4978,49.5097,49.5207,49.5326,49.5455,49.5592,49.5739,49.5895,49.6061,49.6235,49.6419,49.6613,49.6815,49.7027,49.7249,49.7479,49.7719,49.7968,49.8227,49.8494,49.8771,49.9057,49.9352,49.9656,49.997,50.0292,50.0624,50.0964,50.1314,50.1672,50.2039,50.2415,50.28,50.3193,50.3595,50.4006,50.4425,50.4853,50.5289,50.5733,50.6186,50.6647,50.7116,50.7593,50.8078,50.8571,50.9072,50.958,51.0097,51.0621,51.1152,51.1691,51.2237,51.2791,51.3352,51.392,51.4495,51.5076,51.5665,51.6261,51.6863,51.7472,51.8088,51.871,51.9338,51.9973,52.0613,52.126,52.1913,52.2573,52.3237,52.3908,52.4584,52.5266,52.5954,52.6647,52.7346,52.805,52.8759,52.9473,53.0192,53.0917,53.1646,53.238,53.3119,53.3863,53.4612,53.5365,53.6122,53.6885,53.7651,53.8422,53.9197,53.9977,54.0761,54.1548,54.234,54.3136,54.3936,54.474,54.5548,54.6359,54.7175,54.7994,54.8816,54.9643,55.0473,55.1307,55.2144,55.2984,55.3829,55.4676,55.5527,55.6382,55.7239,55.81,55.8965,55.9833,56.0703,56.1578,56.2455,56.3336,56.422,56.5106,56.5997,56.689,56.7786,56.8686,56.9588,57.0494,57.1403,57.2315,57.323,57.4148,57.5069,57.5994,57.6921,57.7852,57.8785,57.9722,58.0662,58.1605,58.2551,58.35,58.4452,58.5408,58.6367,58.7328,58.8293,58.9261,59.0233,59.1207,59.2185,59.3166,59.4151,59.5138,59.6129,59.7123,59.8121,59.9122,59.9874,59.8871,59.7871,59.6874,59.5881,59.4891,59.3904,59.2921,59.194,59.0963,58.999,58.9019,58.8052,58.7088,58.6126,58.5169,58.4214,58.3262,58.2314,58.1369,58.0427,57.9487,57.8552,57.7619,57.6689,57.5762,57.4839,57.3918,57.3001,57.2086,57.1175,57.0267,56.9362,56.846,56.7562,56.6666,56.5773,56.4884,56.3998,56.3115,56.2235,56.1358,56.0485,55.9615,55.8748,55.7884,55.7024,55.6167,55.5313,55.4463,55.3616,55.2773,55.1933,55.1097,55.0264,54.9435,54.8609,54.7787,54.6969,54.6155,54.5344,54.4537,54.3734,54.2935,54.214,54.1349,54.0562,53.9779,53.9001,53.8227,53.7457,53.6691,53.593,53.5173,53.4421,53.3674,53.2931,53.2193,53.146,53.0731,53.0008,52.929,52.8577,52.7869,52.7166,52.6469,52.5777,52.509,52.441,52.3734,52.3065,52.2401,52.1744,52.1092,52.0446,51.9807,51.9173,51.8546,51.7926,51.7312,51.6704,51.6103,51.5509,51.4922,51.4342,51.3768,51.3202,51.2643,51.2091,51.1546,51.1009,51.0479,50.9957,50.9442,50.8935,50.8436,50.7945,50.7462,50.6987,50.6519,50.606,50.561,50.5167,50.4733,50.4307,50.389,50.3481,50.3081,50.269,50.2307,50.1934,50.1569,50.1212,50.0865,50.0527,50.0198,49.9878,49.9566,49.9265,49.8972,49.8688,49.8414,49.8149,49.7893,49.7646,49.7409,49.7181,49.6962,49.6752,49.6552,49.6362,49.618,49.6008,49.5845,49.5692,49.5548,49.5413,49.5287,49.5171,49.5063,49.4802,49.4295,49.384,49.3438,49.3087,49.2788,49.254,49.2342,49.2194,49.2097,49.2048,49.2049,49.2098,49.2196,49.2342,49.2535,49.2776,49.3063,49.3398,49.3779,49.4206,49.4679,49.5035,49.5133,49.5239,49.5353,49.5474,49.5603,49.5739,49.5882,49.6032,49.619,49.6354,49.6524,49.6702,49.6886,49.7077,49.7274,49.7477,49.7687,49.7902,49.8123,49.835,49.8583,49.8822,49.9066,49.9315,49.9569,49.9829,50.0094,50.0363,50.0638,50.0917,50.12,50.1489,50.1781,50.2078,50.2379,50.2683,50.2992,50.3304,50.3621,50.394,50.4263,50.459,50.492,50.5253,50.5589,50.5927,50.6269,50.6614,50.6961,50.731,50.7662,50.8016,50.8373,50.8731,50.9092,50.9455,50.9819,51.0185,51.0553,51.0923,51.1294,51.1666,51.204,51.2415,51.2791,51.3168,51.3546,51.3925,51.4305,51.4685,51.5067,51.5449,51.5831,51.6214,51.6598,51.6981,51.7365,51.775,51.8134,51.8518,51.8903,51.9287,51.9672,52.0056,52.044,52.0824,52.1207,52.159,52.1973,52.2355,52.2509\right]
v_{forward}=\left[1,3.19437,4.39958,5.33454,6.12434,6.81963,7.44696,8.02232,8.55622,9.05603,9.52713,9.97362,10.3987,10.8049,11.1943,11.5686,11.9293,12.2775,12.6144,12.9408,13.2575,13.5653,13.8646,14.1562,14.4404,14.7177,14.9886,15.2533,15.5122,15.7655,16.0137,16.2569,16.4954,16.7293,16.9589,17.1844,17.4059,17.6236,17.8377,18.0482,18.2554,18.4594,18.6602,18.858,19.0529,19.2451,19.4345,19.6213,19.8055,19.9873,20.1668,20.3439,20.5189,20.6916,20.8623,21.031,21.1976,21.3624,21.5254,21.6865,21.8459,22.0035,22.1596,22.314,22.4669,22.6182,22.7681,22.9165,23.0635,23.2092,23.3536,23.4967,23.6385,23.7791,23.9185,24.0568,24.1939,24.3299,24.4649,24.5989,24.7318,24.8638,24.9948,25.1249,25.2541,25.3824,25.5098,25.6364,25.7623,25.8873,26.0116,26.1351,26.2579,26.3801,26.5015,26.6223,26.7425,26.862,26.981,27.0994,27.2172,27.3345,27.4512,27.5675,27.6833,27.7986,27.9134,28.0279,28.1419,28.2555,28.3687,28.4816,28.5941,28.7063,28.8181,28.9297,29.041,29.152,29.2627,29.3732,29.4835,29.5935,29.7034,29.8131,29.9226,30.032,30.1412,30.2503,30.3593,30.4682,30.577,30.6857,30.7944,30.9031,31.0117,31.1203,31.2289,31.3375,31.4462,31.5549,31.6637,31.7725,31.8815,31.9905,32.0997,32.2089,32.3184,32.4279,32.5377,32.6477,32.7578,32.8682,32.9788,33.0896,33.2007,33.3121,33.4238,33.5357,33.648,33.7607,33.8737,33.987,34.1008,34.2149,34.3295,34.4445,34.5599,34.6759,34.7923,34.9092,35.0266,35.1446,35.2632,35.3823,35.502,35.6223,35.7433,35.865,35.9873,36.1103,36.234,36.3585,36.4837,36.6098,36.7366,36.8643,36.9929,37.1223,37.2527,37.384,37.5163,37.6496,37.7839,37.9192,38.0557,38.1933,38.332,38.4719,38.6131,38.7555,38.8992,39.0443,39.1907,39.3385,39.4879,39.6387,39.7911,39.9451,40.1008,40.2582,40.4173,40.5783,40.7411,40.9059,41.0728,41.2416,41.4127,41.586,41.7616,41.9396,42.1201,42.3032,42.4889,42.6774,42.8688,43.0632,43.2607,43.4615,43.6656,43.8733,44.0847,44.3,44.5193,44.7428,44.9707,45.2033,45.4408,45.6834,45.9314,46.1851,46.4448,46.7109,46.9838,47.2638,47.5514,47.8472,48.1517,48.4655,48.7892,49.1124,49.4285,49.7378,50.0406,50.337,50.6272,50.9115,51.19,51.463,51.7305,51.9928,52.2499,52.5022,52.7496,52.9923,53.2305,53.4642,53.6937,53.919,54.1402,54.3574,54.5708,54.7804,54.9863,55.1886,55.3875,55.5829,55.775,55.9639,56.1496,56.3322,56.5118,56.6884,56.8621,57.033,57.2011,57.3666,57.5294,57.6896,57.8472,58.0024,58.1552,58.2314,58.1369,58.0427,57.9487,57.8552,57.7619,57.6689,57.5762,57.4839,57.3918,57.3001,57.2086,57.1175,57.0267,56.9362,56.846,56.7562,56.6666,56.5773,56.4884,56.3998,56.3115,56.2235,56.1358,56.0485,55.9615,55.8748,55.7884,55.7024,55.6167,55.5313,55.4463,55.3616,55.2773,55.1933,55.1097,55.0264,54.9435,54.8609,54.7787,54.6969,54.6155,54.5344,54.4537,54.3734,54.2935,54.214,54.1349,54.0562,53.9779,53.9001,53.8227,53.7457,53.6691,53.593,53.5173,53.4421,53.3674,53.2931,53.2193,53.146,53.0731,53.0008,52.929,52.8577,52.7869,52.7166,52.6469,52.5777,52.509,52.441,52.3734,52.3065,52.2401,52.1744,52.1092,52.0446,51.9807,51.9173,51.8546,51.7926,51.7312,51.6704,51.6103,51.5509,51.4922,51.4342,51.3768,51.3202,51.2643,51.2091,51.1546,51.1009,51.0479,50.9957,50.9442,50.8935,50.8436,50.7945,50.7462,50.6987,50.6519,50.606,50.561,50.5167,50.4733,50.4307,50.389,50.3481,50.3081,50.269,50.2307,50.1934,50.1569,50.1212,50.0865,50.0527,50.0198,49.9878,49.9566,49.9265,49.8972,49.8688,49.8414,49.8149,49.7893,49.7646,49.7409,49.7181,49.6962,49.6752,49.6552,49.6362,49.618,49.6008,49.5845,49.5692,49.5548,49.5413,49.5287,49.5171,49.5063,49.4802,49.4295,49.384,49.3438,49.3087,49.2788,49.254,49.2342,49.2194,49.2097,49.2048,49.2049,49.2098,49.2196,49.2342,49.2535,49.2776,49.3063,49.3398,49.3779,49.4206,49.4679,49.5035,49.5133,49.5239,49.5353,49.5474,49.5603,49.5739,49.5882,49.6032,49.619,49.6354,49.6524,49.6702,49.6886,49.7077,49.7274,49.7477,49.7687,49.7902,49.8123,49.835,49.8583,49.8822,49.9066,49.9315,49.9569,49.9829,50.0094,50.0363,50.0638,50.0917,50.12,50.1489,50.1781,50.2078,50.2379,50.2683,50.2992,50.3304,50.3621,50.394,50.4263,50.459,50.492,50.5253,50.5589,50.5927,50.6269,50.6614,50.6961,50.731,50.7662,50.8016,50.8373,50.8731,50.9092,50.9455,50.9819,51.0185,51.0553,51.0923,51.1294,51.1666,51.204,51.2415,51.2791,51.3168,51.3546,51.3925,51.4305,51.4685,51.5067,51.5449,51.5831,51.6214,51.6598,51.6981,51.7365,51.775,51.8134,51.8518,51.8903,51.9287,51.9672,52.0056,52.044,52.0824,52.1207,52.159,52.1973,52.2355,0\right]
v_{backward}=\left[1,3.19437,4.39958,5.33454,6.12434,6.81963,7.44696,8.02232,8.55622,9.05603,9.52713,9.97362,10.3987,10.8049,11.1943,11.5686,11.9293,12.2775,12.6144,12.9408,13.2575,13.5653,13.8646,14.1562,14.4404,14.7177,14.9886,15.2533,15.5122,15.7655,16.0137,16.2569,16.4954,16.7293,16.9589,17.1844,17.4059,17.6236,17.8377,18.0482,18.2554,18.4594,18.6602,18.858,19.0529,19.2451,19.4345,19.6213,19.8055,19.9873,20.1668,20.3439,20.5189,20.6916,20.8623,21.031,21.1976,21.3624,21.5254,21.6865,21.8459,22.0035,22.1596,22.314,22.4669,22.6182,22.7681,22.9165,23.0635,23.2092,23.3536,23.4967,23.6385,23.7791,23.9185,24.0568,24.1939,24.3299,24.4649,24.5989,24.7318,24.8638,24.9948,25.1249,25.2541,25.3824,25.5098,25.6364,25.7623,25.8873,26.0116,26.1351,26.2579,26.3801,26.5015,26.6223,26.7425,26.862,26.981,27.0994,27.2172,27.3345,27.4512,27.5675,27.6833,27.7986,27.9134,28.0279,28.1419,28.2555,28.3687,28.4816,28.5941,28.7063,28.8181,28.9297,29.041,29.152,29.2627,29.3732,29.4835,29.5935,29.7034,29.8131,29.9226,30.032,30.1412,30.2503,30.3593,30.4682,30.577,30.6857,30.7944,30.9031,31.0117,31.1203,31.2289,31.3375,31.4462,31.5549,31.6637,31.7725,31.8815,31.9905,32.0997,32.2089,32.3184,32.4279,32.5377,32.6477,32.7578,32.8682,32.9788,33.0896,33.2007,33.3121,33.4238,33.5357,33.648,33.7607,33.8737,33.987,34.1008,34.2149,34.3295,34.4445,34.5599,34.6759,34.7923,34.9092,35.0266,35.1446,35.2632,35.3823,35.502,35.6223,35.7433,35.865,35.9873,36.1103,36.234,36.3585,36.4837,36.6098,36.7366,36.8643,36.9929,37.1223,37.2527,37.384,37.5163,37.6496,37.7839,37.9192,38.0557,38.1933,38.332,38.4719,38.6131,38.7555,38.8992,39.0443,39.1907,39.3385,39.4879,39.6387,39.7911,39.9451,40.1008,40.2582,40.4173,40.5783,40.7411,40.9059,41.0728,41.2416,41.4127,41.586,41.7616,41.9396,42.1201,42.3032,42.4889,42.6774,42.8688,43.0632,43.2607,43.4615,43.6656,43.8733,44.0847,44.3,44.5193,44.7428,44.9707,45.2033,45.4408,45.6834,45.9314,46.1851,46.4448,46.7109,46.9838,47.2638,47.5514,47.8472,48.1517,48.4655,48.7892,49.1124,49.4285,49.7378,50.0406,50.337,50.6272,50.9115,51.19,51.463,51.7305,51.9928,52.2499,52.5022,52.7496,52.9923,53.2305,53.4642,53.6937,53.8554,53.6712,53.4861,53.3,53.1129,52.9249,52.7359,52.546,52.3557,52.165,51.974,51.7825,51.5907,51.3985,51.2059,51.0128,50.8194,50.6255,50.4312,50.2365,50.0414,49.8458,49.6497,49.4532,49.2563,49.0588,48.8609,48.6625,48.4637,48.2643,48.0644,47.864,47.6631,47.4617,47.2597,47.0572,46.8541,46.6505,46.4463,46.2416,46.0362,45.8303,45.6238,45.4166,45.2088,45.0004,44.7914,44.5817,44.3713,44.1603,43.9486,43.7377,43.5305,43.3269,43.1265,42.9294,42.7354,42.5443,42.3562,42.1707,41.988,41.8077,41.63,41.4546,41.2815,41.1106,40.9419,40.7752,40.6106,40.4478,40.287,40.1279,39.9706,39.815,39.6611,39.5087,39.3579,39.2086,39.0608,38.9144,38.7693,38.6256,38.4831,38.342,38.202,38.0632,37.9256,37.7891,37.6536,37.5193,37.3859,37.2535,37.1221,36.9917,36.8621,36.7334,36.6056,36.4786,36.3525,36.2271,36.1025,35.9786,35.8554,35.7329,35.6111,35.49,35.3695,35.2496,35.1302,35.0115,34.8933,34.7757,34.6586,34.5419,34.4258,34.3101,34.1949,34.0801,33.9657,33.8517,33.7381,33.6248,33.5119,33.3994,33.2871,33.1752,33.0635,32.9521,32.841,32.7301,32.6194,32.509,32.3987,32.2887,32.1787,32.069,31.9594,31.8499,31.7405,31.6312,31.522,31.4129,31.3038,31.1948,31.0858,30.9767,30.8677,30.7587,30.6497,30.5406,30.4314,30.3221,30.2128,30.1034,29.9938,29.8842,29.7743,29.6644,29.5542,29.4438,29.3333,29.2225,29.1115,29.0002,28.8887,28.7769,28.6648,28.5523,28.4396,28.3265,28.213,28.0992,27.985,27.8703,27.7553,27.6398,27.5238,27.4074,27.2904,27.173,27.055,26.9364,26.8173,26.6976,26.5773,26.4563,26.3347,26.2125,26.0895,25.9658,25.8414,25.7163,25.5903,25.4636,25.3361,25.2076,25.0784,24.9482,24.8171,24.685,24.552,24.418,24.2829,24.1468,24.0096,23.8712,23.7318,23.5911,23.4492,23.3061,23.1617,23.0159,22.8688,22.7204,22.5704,22.4191,22.2661,22.1117,21.9556,21.7979,21.6385,21.4773,21.3143,21.1495,20.9828,20.8141,20.6434,20.4706,20.2956,20.1184,19.9389,19.7571,19.5728,19.3859,19.1965,19.0043,18.8093,18.6114,18.4105,18.2065,17.9992,17.7886,17.5744,17.3566,17.135,16.9094,16.6797,16.4456,16.207,15.9636,15.7152,15.4616,15.2025,14.9376,14.6664,14.3888,14.1042,13.8123,13.5125,13.2043,12.887,12.56,12.2224,11.8734,11.5119,11.1365,10.746,10.3385,9.91185,9.46354,8.99024,8.48778,7.95058,7.37103,6.73817,6.03522,5.23398,4.27954,3.03035,0\right]
v_{final}=\left[1,3.19437,4.39958,5.33454,6.12434,6.81963,7.44696,8.02232,8.55622,9.05603,9.52713,9.97362,10.3987,10.8049,11.1943,11.5686,11.9293,12.2775,12.6144,12.9408,13.2575,13.5653,13.8646,14.1562,14.4404,14.7177,14.9886,15.2533,15.5122,15.7655,16.0137,16.2569,16.4954,16.7293,16.9589,17.1844,17.4059,17.6236,17.8377,18.0482,18.2554,18.4594,18.6602,18.858,19.0529,19.2451,19.4345,19.6213,19.8055,19.9873,20.1668,20.3439,20.5189,20.6916,20.8623,21.031,21.1976,21.3624,21.5254,21.6865,21.8459,22.0035,22.1596,22.314,22.4669,22.6182,22.7681,22.9165,23.0635,23.2092,23.3536,23.4967,23.6385,23.7791,23.9185,24.0568,24.1939,24.3299,24.4649,24.5989,24.7318,24.8638,24.9948,25.1249,25.2541,25.3824,25.5098,25.6364,25.7623,25.8873,26.0116,26.1351,26.2579,26.3801,26.5015,26.6223,26.7425,26.862,26.981,27.0994,27.2172,27.3345,27.4512,27.5675,27.6833,27.7986,27.9134,28.0279,28.1419,28.2555,28.3687,28.4816,28.5941,28.7063,28.8181,28.9297,29.041,29.152,29.2627,29.3732,29.4835,29.5935,29.7034,29.8131,29.9226,30.032,30.1412,30.2503,30.3593,30.4682,30.577,30.6857,30.7944,30.9031,31.0117,31.1203,31.2289,31.3375,31.4462,31.5549,31.6637,31.7725,31.8815,31.9905,32.0997,32.2089,32.3184,32.4279,32.5377,32.6477,32.7578,32.8682,32.9788,33.0896,33.2007,33.3121,33.4238,33.5357,33.648,33.7607,33.8737,33.987,34.1008,34.2149,34.3295,34.4445,34.5599,34.6759,34.7923,34.9092,35.0266,35.1446,35.2632,35.3823,35.502,35.6223,35.7433,35.865,35.9873,36.1103,36.234,36.3585,36.4837,36.6098,36.7366,36.8643,36.9929,37.1223,37.2527,37.384,37.5163,37.6496,37.7839,37.9192,38.0557,38.1933,38.332,38.4719,38.6131,38.7555,38.8992,39.0443,39.1907,39.3385,39.4879,39.6387,39.7911,39.9451,40.1008,40.2582,40.4173,40.5783,40.7411,40.9059,41.0728,41.2416,41.4127,41.586,41.7616,41.9396,42.1201,42.3032,42.4889,42.6774,42.8688,43.0632,43.2607,43.4615,43.6656,43.8733,44.0847,44.3,44.5193,44.7428,44.9707,45.2033,45.4408,45.6834,45.9314,46.1851,46.4448,46.7109,46.9838,47.2638,47.5514,47.8472,48.1517,48.4655,48.7892,49.1124,49.4285,49.7378,50.0406,50.337,50.6272,50.9115,51.19,51.463,51.7305,51.9928,52.2499,52.5022,52.7496,52.9923,53.2305,53.4642,53.6937,53.8554,53.6712,53.4861,53.3,53.1129,52.9249,52.7359,52.546,52.3557,52.165,51.974,51.7825,51.5907,51.3985,51.2059,51.0128,50.8194,50.6255,50.4312,50.2365,50.0414,49.8458,49.6497,49.4532,49.2563,49.0588,48.8609,48.6625,48.4637,48.2643,48.0644,47.864,47.6631,47.4617,47.2597,47.0572,46.8541,46.6505,46.4463,46.2416,46.0362,45.8303,45.6238,45.4166,45.2088,45.0004,44.7914,44.5817,44.3713,44.1603,43.9486,43.7377,43.5305,43.3269,43.1265,42.9294,42.7354,42.5443,42.3562,42.1707,41.988,41.8077,41.63,41.4546,41.2815,41.1106,40.9419,40.7752,40.6106,40.4478,40.287,40.1279,39.9706,39.815,39.6611,39.5087,39.3579,39.2086,39.0608,38.9144,38.7693,38.6256,38.4831,38.342,38.202,38.0632,37.9256,37.7891,37.6536,37.5193,37.3859,37.2535,37.1221,36.9917,36.8621,36.7334,36.6056,36.4786,36.3525,36.2271,36.1025,35.9786,35.8554,35.7329,35.6111,35.49,35.3695,35.2496,35.1302,35.0115,34.8933,34.7757,34.6586,34.5419,34.4258,34.3101,34.1949,34.0801,33.9657,33.8517,33.7381,33.6248,33.5119,33.3994,33.2871,33.1752,33.0635,32.9521,32.841,32.7301,32.6194,32.509,32.3987,32.2887,32.1787,32.069,31.9594,31.8499,31.7405,31.6312,31.522,31.4129,31.3038,31.1948,31.0858,30.9767,30.8677,30.7587,30.6497,30.5406,30.4314,30.3221,30.2128,30.1034,29.9938,29.8842,29.7743,29.6644,29.5542,29.4438,29.3333,29.2225,29.1115,29.0002,28.8887,28.7769,28.6648,28.5523,28.4396,28.3265,28.213,28.0992,27.985,27.8703,27.7553,27.6398,27.5238,27.4074,27.2904,27.173,27.055,26.9364,26.8173,26.6976,26.5773,26.4563,26.3347,26.2125,26.0895,25.9658,25.8414,25.7163,25.5903,25.4636,25.3361,25.2076,25.0784,24.9482,24.8171,24.685,24.552,24.418,24.2829,24.1468,24.0096,23.8712,23.7318,23.5911,23.4492,23.3061,23.1617,23.0159,22.8688,22.7204,22.5704,22.4191,22.2661,22.1117,21.9556,21.7979,21.6385,21.4773,21.3143,21.1495,20.9828,20.8141,20.6434,20.4706,20.2956,20.1184,19.9389,19.7571,19.5728,19.3859,19.1965,19.0043,18.8093,18.6114,18.4105,18.2065,17.9992,17.7886,17.5744,17.3566,17.135,16.9094,16.6797,16.4456,16.207,15.9636,15.7152,15.4616,15.2025,14.9376,14.6664,14.3888,14.1042,13.8123,13.5125,13.2043,12.887,12.56,12.2224,11.8734,11.5119,11.1365,10.746,10.3385,9.91185,9.46354,8.99024,8.48778,7.95058,7.37103,6.73817,6.03522,5.23398,4.27954,3.03035,0\right]
l_{times}=\left[0,0.047683,0.0740197,0.094566,0.11202,0.127471,0.14149,0.154419,0.166482,0.177838,0.188601,0.198857,0.208674,0.218106,0.227197,0.235984,0.244495,0.252757,0.260792,0.268618,0.276252,0.283709,0.291,0.298138,0.305131,0.31199,0.318723,0.325336,0.331837,0.338232,0.344525,0.350723,0.356829,0.362849,0.368785,0.374643,0.380425,0.386135,0.391775,0.397348,0.402857,0.408304,0.413692,0.419023,0.424298,0.429521,0.434691,0.439812,0.444885,0.449911,0.454892,0.459829,0.464723,0.469576,0.474389,0.479163,0.4839,0.488599,0.493262,0.49789,0.502485,0.507046,0.511574,0.516071,0.520538,0.524974,0.52938,0.533758,0.538108,0.54243,0.546725,0.550994,0.555237,0.559455,0.563648,0.567817,0.571962,0.576084,0.580183,0.584259,0.588313,0.592346,0.596357,0.600348,0.604318,0.608267,0.612197,0.616107,0.619999,0.623871,0.627725,0.63156,0.635377,0.639177,0.642959,0.646724,0.650471,0.654202,0.657917,0.661615,0.665297,0.668963,0.672614,0.676249,0.679869,0.683474,0.687064,0.690639,0.694199,0.697746,0.701278,0.704796,0.7083,0.71179,0.715267,0.71873,0.72218,0.725617,0.729041,0.732452,0.73585,0.739235,0.742608,0.745969,0.749317,0.752653,0.755976,0.759288,0.762588,0.765876,0.769152,0.772417,0.77567,0.778911,0.782142,0.785361,0.788568,0.791765,0.794951,0.798125,0.801289,0.804442,0.807584,0.810715,0.813835,0.816945,0.820045,0.823134,0.826212,0.82928,0.832338,0.835386,0.838423,0.84145,0.844467,0.847474,0.850471,0.853458,0.856435,0.859402,0.862359,0.865306,0.868244,0.871171,0.874089,0.876997,0.879895,0.882784,0.885663,0.888533,0.891392,0.894242,0.897083,0.899914,0.902736,0.905548,0.90835,0.911143,0.913926,0.9167,0.919465,0.92222,0.924966,0.927702,0.930429,0.933146,0.935854,0.938553,0.941242,0.943921,0.946592,0.949252,0.951904,0.954546,0.957178,0.959801,0.962415,0.965019,0.967613,0.970198,0.972774,0.97534,0.977896,0.980443,0.98298,0.985508,0.988026,0.990534,0.993032,0.995521,0.998,1.00047,1.00293,1.00538,1.00782,1.01025,1.01267,1.01508,1.01748,1.01987,1.02225,1.02461,1.02697,1.02932,1.03166,1.03399,1.0363,1.03861,1.04091,1.04319,1.04546,1.04773,1.04998,1.05222,1.05445,1.05667,1.05887,1.06107,1.06325,1.06542,1.06758,1.06973,1.07186,1.07398,1.07609,1.07819,1.08027,1.08234,1.0844,1.08644,1.08847,1.09049,1.09249,1.09449,1.09647,1.09844,1.1004,1.10234,1.10428,1.10621,1.10813,1.11004,1.11194,1.11383,1.11571,1.11759,1.11945,1.12131,1.12317,1.12504,1.12691,1.12879,1.13068,1.13257,1.13447,1.13638,1.13829,1.14021,1.14214,1.14407,1.14602,1.14796,1.14992,1.15189,1.15386,1.15584,1.15782,1.15982,1.16182,1.16383,1.16585,1.16787,1.16991,1.17195,1.174,1.17606,1.17813,1.1802,1.18229,1.18438,1.18649,1.1886,1.19072,1.19285,1.19499,1.19713,1.19929,1.20146,1.20364,1.20582,1.20802,1.21023,1.21244,1.21467,1.21691,1.21916,1.22142,1.22369,1.22597,1.22826,1.23056,1.23288,1.2352,1.23753,1.23988,1.24224,1.2446,1.24698,1.24936,1.25176,1.25417,1.25659,1.25901,1.26145,1.2639,1.26636,1.26882,1.2713,1.27379,1.27628,1.27879,1.28131,1.28383,1.28637,1.28892,1.29147,1.29404,1.29661,1.29919,1.30179,1.30439,1.307,1.30963,1.31226,1.3149,1.31755,1.32021,1.32288,1.32556,1.32825,1.33095,1.33366,1.33637,1.3391,1.34184,1.34458,1.34734,1.35011,1.35288,1.35566,1.35846,1.36126,1.36407,1.3669,1.36973,1.37257,1.37542,1.37828,1.38115,1.38403,1.38692,1.38982,1.39273,1.39565,1.39858,1.40152,1.40447,1.40743,1.4104,1.41338,1.41637,1.41937,1.42238,1.42539,1.42842,1.43146,1.43451,1.43757,1.44065,1.44373,1.44682,1.44992,1.45303,1.45616,1.45929,1.46244,1.46559,1.46876,1.47194,1.47513,1.47833,1.48154,1.48476,1.48799,1.49124,1.4945,1.49776,1.50105,1.50434,1.50764,1.51096,1.51428,1.51762,1.52098,1.52434,1.52772,1.53111,1.53451,1.53793,1.54136,1.5448,1.54825,1.55172,1.5552,1.5587,1.56221,1.56573,1.56927,1.57282,1.57639,1.57997,1.58356,1.58717,1.5908,1.59444,1.5981,1.60177,1.60546,1.60916,1.61288,1.61662,1.62037,1.62414,1.62793,1.63174,1.63556,1.6394,1.64326,1.64714,1.65104,1.65496,1.6589,1.66285,1.66683,1.67083,1.67485,1.67889,1.68295,1.68703,1.69114,1.69527,1.69942,1.7036,1.7078,1.71203,1.71628,1.72056,1.72486,1.72919,1.73355,1.73794,1.74235,1.7468,1.75128,1.75578,1.76032,1.76489,1.7695,1.77413,1.77881,1.78352,1.78827,1.79305,1.79787,1.80274,1.80765,1.81259,1.81759,1.82262,1.82771,1.83284,1.83803,1.84326,1.84855,1.8539,1.8593,1.86476,1.87028,1.87587,1.88153,1.88725,1.89305,1.89893,1.90488,1.91092,1.91704,1.92326,1.92958,1.93599,1.94251,1.94915,1.9559,1.96279,1.96981,1.97697,1.98429,1.99178,1.99944,2.0073,2.01537,2.02367,2.03222,2.04105,2.05019,2.05968,2.06956,2.07988,2.09072,2.10216,2.11433,2.12738,2.14155,2.15721,2.17496,2.19598,2.22334,2.28934,\right]
l_{points}=\left[\left(0,0\right),\left(0.0998589,0.00014111\right),\left(0.199717,0.0005655\right),\left(0.299573,0.00127476\right),\left(0.399428,0.00227049\right),\left(0.499278,0.00355429\right),\left(0.599125,0.00512774\right),\left(0.698967,0.00699245\right),\left(0.798803,0.00915002\right),\left(0.898632,0.011602\right),\left(0.998453,0.0143501\right),\left(1.09827,0.0173958\right),\left(1.19807,0.0207408\right),\left(1.29786,0.0243867\right),\left(1.39764,0.0283349\right),\left(1.49741,0.0325872\right),\left(1.59717,0.0371452\right),\left(1.69691,0.0420103\right),\left(1.79664,0.0471843\right),\left(1.89635,0.0526687\right),\left(1.99604,0.058465\right),\left(2.09571,0.0645749\right),\left(2.19536,0.0709999\right),\left(2.295,0.0777417\right),\left(2.39461,0.0848016\right),\left(2.4942,0.0921814\right),\left(2.59376,0.0998826\right),\left(2.6933,0.107907\right),\left(2.79281,0.116255\right),\left(2.8923,0.12493\right),\left(2.99175,0.133932\right),\left(3.09118,0.143263\right),\left(3.19057,0.152924\right),\left(3.28994,0.162918\right),\left(3.38926,0.173245\right),\left(3.48856,0.183907\right),\left(3.58781,0.194905\right),\left(3.68703,0.206242\right),\left(3.78621,0.217917\right),\left(3.88535,0.229934\right),\left(3.98445,0.242292\right),\left(4.0835,0.254995\right),\left(4.18251,0.268042\right),\left(4.28148,0.281435\right),\left(4.38039,0.295177\right),\left(4.47926,0.309267\right),\left(4.57808,0.323708\right),\left(4.67685,0.3385\right),\left(4.77556,0.353645\right),\left(4.87422,0.369145\right),\left(4.97282,0.385\right),\left(5.07137,0.401212\right),\left(5.16985,0.417782\right),\left(5.26828,0.434711\right),\left(5.36664,0.452\right),\left(5.46494,0.469651\right),\left(5.56318,0.487664\right),\left(5.66134,0.506041\right),\left(5.75944,0.524783\right),\left(5.85747,0.543891\right),\left(5.95543,0.563365\right),\left(6.05331,0.583208\right),\left(6.15112,0.603419\right),\left(6.24886,0.624\right),\left(6.34651,0.644952\right),\left(6.44409,0.666275\right),\left(6.54158,0.687971\right),\left(6.63899,0.710041\right),\left(6.73631,0.732484\right),\left(6.83355,0.755302\right),\left(6.9307,0.778496\right),\left(7.02776,0.802067\right),\left(7.12473,0.826014\right),\left(7.22161,0.850339\right),\left(7.31839,0.875043\right),\left(7.41507,0.900125\right),\left(7.51166,0.925587\right),\left(7.60814,0.951428\right),\left(7.70453,0.977651\right),\left(7.80081,1.00425\right),\left(7.89698,1.03124\right),\left(7.99305,1.0586\right),\left(8.08901,1.08635\right),\left(8.18486,1.11448\right),\left(8.28059,1.14299\right),\left(8.37621,1.17189\right),\left(8.47172,1.20117\right),\left(8.56711,1.23083\right),\left(8.66238,1.26087\right),\left(8.75753,1.2913\right),\left(8.85256,1.32211\right),\left(8.94746,1.35331\right),\left(9.04224,1.38488\right),\left(9.13689,1.41684\right),\left(9.23141,1.44919\right),\left(9.3258,1.48191\right),\left(9.42005,1.51502\right),\left(9.51418,1.54851\right),\left(9.60816,1.58238\right),\left(9.70201,1.61664\right),\left(9.79572,1.65127\right),\left(9.88929,1.68628\right),\left(9.98272,1.72168\right),\left(10.076,1.75745\right),\left(10.1691,1.79361\right),\left(10.2621,1.83014\right),\left(10.355,1.86705\right),\left(10.4477,1.90433\right),\left(10.5402,1.94199\right),\left(10.6326,1.98003\right),\left(10.7249,2.01844\right),\left(10.8169,2.05723\right),\left(10.9089,2.09638\right),\left(11.0006,2.13591\right),\left(11.0922,2.17581\right),\left(11.1837,2.21608\right),\left(11.275,2.25672\right),\left(11.3661,2.29773\right),\left(11.4571,2.3391\right),\left(11.5478,2.38083\right),\left(11.6385,2.42293\right),\left(11.7289,2.46539\right),\left(11.8192,2.50822\right),\left(11.9093,2.5514\right),\left(11.9993,2.59494\right),\left(12.0891,2.63883\right),\left(12.1787,2.68309\right),\left(12.2681,2.72769\right),\left(12.3573,2.77265\right),\left(12.4464,2.81795\right),\left(12.5353,2.86361\right),\left(12.624,2.90961\right),\left(12.7126,2.95596\right),\left(12.8009,3.00265\right),\left(12.8891,3.04968\right),\left(12.9771,3.09706\right),\left(13.0649,3.14477\right),\left(13.1526,3.19281\right),\left(13.24,3.24119\right),\left(13.3273,3.2899\right),\left(13.4144,3.33894\right),\left(13.5013,3.38831\right),\left(13.588,3.43801\right),\left(13.6746,3.48803\right),\left(13.7609,3.53837\right),\left(13.8471,3.58903\right),\left(13.933,3.64001\right),\left(14.0188,3.6913\right),\left(14.1044,3.7429\right),\left(14.1898,3.79482\right),\left(14.2751,3.84704\right),\left(14.3601,3.89957\right),\left(14.445,3.95241\right),\left(14.5296,4.00554\right),\left(14.6141,4.05898\right),\left(14.6984,4.11271\right),\left(14.7825,4.16673\right),\left(14.8664,4.22105\right),\left(14.9502,4.27565\right),\left(15.0337,4.33054\right),\left(15.1171,4.38572\right),\left(15.2002,4.44118\right),\left(15.2832,4.49692\right),\left(15.366,4.55293\right),\left(15.4486,4.60922\right),\left(15.5311,4.66578\right),\left(15.6133,4.72261\right),\left(15.6954,4.7797\right),\left(15.7773,4.83706\right),\left(15.859,4.89468\right),\left(15.9405,4.95256\right),\left(16.0218,5.0107\right),\left(16.103,5.06909\right),\left(16.1839,5.12773\right),\left(16.2647,5.18661\right),\left(16.3453,5.24575\right),\left(16.4258,5.30512\right),\left(16.506,5.36474\right),\left(16.5861,5.42459\right),\left(16.666,5.48468\right),\left(16.7458,5.545\right),\left(16.8253,5.60555\right),\left(16.9047,5.66633\right),\left(16.9839,5.72733\right),\left(17.063,5.78855\right),\left(17.1418,5.85\right),\left(17.2206,5.91165\right),\left(17.2991,5.97352\right),\left(17.3775,6.03561\right),\left(17.4557,6.0979\right),\left(17.5337,6.16039\right),\left(17.6116,6.22309\right),\left(17.6893,6.28598\right),\left(17.7669,6.34908\right),\left(17.8443,6.41237\right),\left(17.9216,6.47585\right),\left(17.9987,6.53952\right),\left(18.0756,6.60338\right),\left(18.1524,6.66742\right),\left(18.229,6.73164\right),\left(18.3055,6.79604\right),\left(18.3819,6.86062\right),\left(18.458,6.92537\right),\left(18.5341,6.99029\right),\left(18.61,7.05538\right),\left(18.6858,7.12063\right),\left(18.7614,7.18605\right),\left(18.8369,7.25163\right),\left(18.9122,7.31736\right),\left(18.9874,7.38325\right),\left(19.0625,7.44929\right),\left(19.1375,7.51549\right),\left(19.2123,7.58183\right),\left(19.287,7.64831\right),\left(19.3615,7.71493\right),\left(19.436,7.7817\right),\left(19.5103,7.8486\right),\left(19.5845,7.91564\right),\left(19.6586,7.98281\right),\left(19.7325,8.05011\right),\left(19.8064,8.11753\right),\left(19.8801,8.18508\right),\left(19.9537,8.25275\right),\left(20.0272,8.32054\right),\left(20.1007,8.38845\right),\left(20.1739,8.45647\right),\left(20.2471,8.5246\right),\left(20.3202,8.59284\right),\left(20.3932,8.66119\right),\left(20.4661,8.72965\right),\left(20.5389,8.7982\right),\left(20.6116,8.86686\right),\left(20.6842,8.93561\right),\left(20.7568,9.00445\right),\left(20.8292,9.07339\right),\left(20.9016,9.14242\right),\left(20.9738,9.21154\right),\left(21.046,9.28074\right),\left(21.1181,9.35002\right),\left(21.1901,9.41939\right),\left(21.2621,9.48883\right),\left(21.334,9.55835\right),\left(21.4058,9.62794\right),\left(21.4775,9.6976\right),\left(21.5492,9.76733\right),\left(21.6208,9.83712\right),\left(21.6924,9.90698\right),\left(21.7639,9.9769\right),\left(21.8353,10.0469\right),\left(21.9067,10.1169\right),\left(21.978,10.187\right),\left(22.0493,10.2572\right),\left(22.1205,10.3273\right),\left(22.1917,10.3976\right),\left(22.2628,10.4679\right),\left(22.3339,10.5382\right),\left(22.405,10.6086\right),\left(22.476,10.679\right),\left(22.5469,10.7494\right),\left(22.6179,10.8199\right),\left(22.6888,10.8904\right),\left(22.7597,10.9609\right),\left(22.8305,11.0315\right),\left(22.9014,11.1021\right),\left(22.9722,11.1727\right),\left(23.043,11.2433\right),\left(23.1137,11.314\right),\left(23.1845,11.3847\right),\left(23.2552,11.4553\right),\left(23.326,11.526\right),\left(23.3967,11.5967\right),\left(23.4674,11.6674\right),\left(23.5381,11.7381\right),\left(23.6088,11.8088\right),\left(23.6796,11.8796\right),\left(23.7503,11.9503\right),\left(23.821,12.021\right),\left(23.8917,12.0917\right),\left(23.9624,12.1623\right),\left(24.0332,12.233\right),\left(24.104,12.3037\right),\left(24.1747,12.3743\right),\left(24.2455,12.445\right),\left(24.3163,12.5156\right),\left(24.3872,12.5861\right),\left(24.458,12.6567\right),\left(24.5289,12.7272\right),\left(24.5998,12.7977\right),\left(24.6708,12.8682\right),\left(24.7418,12.9386\right),\left(24.8128,13.009\right),\left(24.8839,13.0794\right),\left(24.955,13.1497\right),\left(25.0261,13.22\right),\left(25.0973,13.2902\right),\left(25.1685,13.3604\right),\left(25.2398,13.4305\right),\left(25.3112,13.5006\right),\left(25.3826,13.5706\right),\left(25.454,13.6406\right),\left(25.5255,13.7105\right),\left(25.5971,13.7803\right),\left(25.6687,13.8501\right),\left(25.7404,13.9198\right),\left(25.8122,13.9895\right),\left(25.884,14.0591\right),\left(25.9559,14.1286\right),\left(26.0279,14.198\right),\left(26.0999,14.2673\right),\left(26.1721,14.3366\right),\left(26.2443,14.4058\right),\left(26.3166,14.4749\right),\left(26.3889,14.5439\right),\left(26.4614,14.6128\right),\left(26.5339,14.6816\right),\left(26.6066,14.7504\right),\left(26.6793,14.819\right),\left(26.7521,14.8875\right),\left(26.8251,14.956\right),\left(26.8981,15.0243\right),\left(26.9712,15.0925\right),\left(27.0444,15.1606\right),\left(27.1178,15.2286\right),\left(27.1912,15.2965\right),\left(27.2647,15.3642\right),\left(27.3384,15.4319\right),\left(27.4122,15.4994\right),\left(27.486,15.5668\right),\left(27.56,15.6341\right),\left(27.6341,15.7012\right),\left(27.7084,15.7682\right),\left(27.7827,15.8351\right),\left(27.8572,15.9018\right),\left(27.9318,15.9684\right),\left(28.0065,16.0349\right),\left(28.0814,16.1012\right),\left(28.1564,16.1674\right),\left(28.2315,16.2334\right),\left(28.3068,16.2992\right),\left(28.3822,16.365\right),\left(28.4577,16.4305\right),\left(28.5334,16.4959\right),\left(28.6092,16.5611\right),\left(28.6851,16.6262\right),\left(28.7612,16.6911\right),\left(28.8375,16.7558\right),\left(28.9139,16.8203\right),\left(28.9904,16.8847\right),\left(29.0671,16.9489\right),\left(29.144,17.0129\right),\left(29.221,17.0767\right),\left(29.2981,17.1404\right),\left(29.3754,17.2038\right),\left(29.4529,17.2671\right),\left(29.5305,17.3301\right),\left(29.6083,17.393\right),\left(29.6863,17.4556\right),\left(29.7644,17.5181\right),\left(29.8426,17.5804\right),\left(29.9211,17.6424\right),\left(29.9997,17.7042\right),\left(30.0785,17.7659\right),\left(30.1574,17.8273\right),\left(30.2365,17.8885\right),\left(30.3158,17.9494\right),\left(30.3953,18.0102\right),\left(30.4749,18.0707\right),\left(30.5547,18.131\right),\left(30.6347,18.191\right),\left(30.7149,18.2508\right),\left(30.7952,18.3104\right),\left(30.8757,18.3698\right),\left(30.9564,18.4289\right),\left(31.0373,18.4877\right),\left(31.1184,18.5463\right),\left(31.1996,18.6047\right),\left(31.281,18.6628\right),\left(31.3627,18.7206\right),\left(31.4444,18.7782\right),\left(31.5264,18.8355\right),\left(31.6086,18.8926\right),\left(31.6909,18.9494\right),\left(31.7735,19.0059\right),\left(31.8562,19.0621\right),\left(31.9391,19.1181\right),\left(32.0222,19.1738\right),\left(32.1055,19.2292\right),\left(32.1889,19.2844\right),\left(32.2726,19.3392\right),\left(32.3564,19.3938\right),\left(32.4405,19.4481\right),\left(32.5247,19.5021\right),\left(32.6091,19.5557\right),\left(32.6937,19.6091\right),\left(32.7785,19.6622\right),\left(32.8634,19.715\right),\left(32.9486,19.7675\right),\left(33.034,19.8197\right),\left(33.1195,19.8716\right),\left(33.2052,19.9231\right),\left(33.2912,19.9744\right),\left(33.3773,20.0253\right),\left(33.4636,20.0759\right),\left(33.5501,20.1262\right),\left(33.6367,20.1762\right),\left(33.7236,20.2259\right),\left(33.8106,20.2752\right),\left(33.8979,20.3242\right),\left(33.9853,20.3729\right),\left(34.0729,20.4212\right),\left(34.1607,20.4692\right),\left(34.2487,20.5169\right),\left(34.3368,20.5642\right),\left(34.4252,20.6112\right),\left(34.5137,20.6578\right),\left(34.6024,20.7041\right),\left(34.6913,20.7501\right),\left(34.7803,20.7957\right),\left(34.8696,20.841\right),\left(34.959,20.8859\right),\left(35.0486,20.9304\right),\left(35.1384,20.9746\right),\left(35.2283,21.0185\right),\left(35.3184,21.062\right),\left(35.4087,21.1051\right),\left(35.4992,21.1479\right),\left(35.5899,21.1903\right),\left(35.6807,21.2323\right),\left(35.7717,21.274\right),\left(35.8628,21.3153\right),\left(35.9541,21.3563\right),\left(36.0456,21.3969\right),\left(36.1372,21.4371\right),\left(36.229,21.4769\right),\left(36.321,21.5164\right),\left(36.4131,21.5555\right),\left(36.5054,21.5942\right),\left(36.5979,21.6326\right),\left(36.6905,21.6705\right),\left(36.7832,21.7081\right),\left(36.8761,21.7454\right),\left(36.9692,21.7822\right),\left(37.0624,21.8187\right),\left(37.1558,21.8548\right),\left(37.2493,21.8905\right),\left(37.3429,21.9258\right),\left(37.4367,21.9608\right),\left(37.5306,21.9953\right),\left(37.6247,22.0295\right),\left(37.7189,22.0633\right),\left(37.8133,22.0967\right),\left(37.9078,22.1298\right),\left(38.0024,22.1624\right),\left(38.0971,22.1947\right),\left(38.192,22.2266\right),\left(38.287,22.2581\right),\left(38.3822,22.2892\right),\left(38.4775,22.3199\right),\left(38.5728,22.3503\right),\left(38.6684,22.3803\right),\left(38.764,22.4098\right),\left(38.8598,22.439\right),\left(38.9556,22.4678\right),\left(39.0516,22.4963\right),\left(39.1477,22.5243\right),\left(39.2439,22.552\right),\left(39.3402,22.5793\right),\left(39.4367,22.6062\right),\left(39.5332,22.6327\right),\left(39.6299,22.6588\right),\left(39.7266,22.6845\right),\left(39.8234,22.7099\right),\left(39.9204,22.7349\right),\left(40.0174,22.7595\right),\left(40.1146,22.7837\right),\left(40.2118,22.8076\right),\left(40.3091,22.8311\right),\left(40.4066,22.8542\right),\left(40.5041,22.8769\right),\left(40.6017,22.8992\right),\left(40.6994,22.9212\right),\left(40.7971,22.9428\right),\left(40.895,22.964\right),\left(40.9929,22.9848\right),\left(41.0909,23.0053\right),\left(41.189,23.0254\right),\left(41.2872,23.0451\right),\left(41.3854,23.0645\right),\left(41.4837,23.0835\right),\left(41.5821,23.1021\right),\left(41.6805,23.1204\right),\left(41.779,23.1383\right),\left(41.8776,23.1558\right),\left(41.9763,23.173\right),\left(42.075,23.1898\right),\left(42.1738,23.2063\right),\left(42.2726,23.2223\right),\left(42.3715,23.2381\right),\left(42.4704,23.2535\right),\left(42.5694,23.2685\right),\left(42.6685,23.2831\right),\left(42.7676,23.2975\right),\left(42.8667,23.3114\right),\left(42.9659,23.325\right),\left(43.0652,23.3383\right),\left(43.1645,23.3512\right),\left(43.2638,23.3638\right),\left(43.3632,23.376\right),\left(43.4626,23.3879\right),\left(43.5621,23.3994\right),\left(43.6616,23.4106\right),\left(43.7612,23.4215\right),\left(43.8607,23.432\right),\left(43.9604,23.4422\right),\left(44.06,23.452\right),\left(44.1597,23.4616\right),\left(44.2594,23.4707\right),\left(44.3592,23.4796\right),\left(44.4589,23.4881\right),\left(44.5587,23.4963\right),\left(44.6586,23.5042\right),\left(44.7584,23.5118\right),\left(44.8583,23.519\right),\left(44.9582,23.5259\right),\left(45.0581,23.5325\right),\left(45.1581,23.5388\right),\left(45.258,23.5447\right),\left(45.358,23.5504\right),\left(45.458,23.5557\right),\left(45.558,23.5607\right),\left(45.658,23.5654\right),\left(45.7581,23.5698\right),\left(45.8581,23.5739\right),\left(45.9582,23.5777\right),\left(46.0583,23.5812\right),\left(46.1584,23.5844\right),\left(46.2585,23.5873\right),\left(46.3586,23.5898\right),\left(46.4587,23.5921\right),\left(46.5588,23.5941\right),\left(46.659,23.5958\right),\left(46.7591,23.5972\right),\left(46.8592,23.5983\right),\left(46.9594,23.5992\right),\left(47.0595,23.5997\right),\left(47.1596,23.6\right),\left(47.2,23.6\right),\right]
l_{headings}=\left[0,0.00282884,0.00567364,0.00853444,0.0114113,0.0143042,0.0172132,0.0201384,0.0230798,0.0260374,0.0290112,0.0320013,0.0350077,0.0380304,0.0410694,0.0441248,0.0471965,0.0502846,0.0533891,0.0565099,0.0596471,0.0628007,0.0659706,0.069157,0.0723596,0.0755787,0.078814,0.0820656,0.0853335,0.0886176,0.0919179,0.0952344,0.0985671,0.101916,0.105281,0.108661,0.112058,0.11547,0.118899,0.122343,0.125802,0.129278,0.132768,0.136275,0.139796,0.143333,0.146884,0.150451,0.154033,0.157629,0.16124,0.164865,0.168505,0.172159,0.175827,0.179509,0.183205,0.186915,0.190638,0.194374,0.198123,0.201885,0.20566,0.209447,0.213247,0.217059,0.220882,0.224717,0.228564,0.232422,0.236291,0.240171,0.244061,0.247961,0.251871,0.255791,0.25972,0.263659,0.267606,0.271562,0.275526,0.279498,0.283478,0.287465,0.29146,0.29546,0.299468,0.303481,0.3075,0.311524,0.315554,0.319588,0.323626,0.327668,0.331714,0.335763,0.339815,0.34387,0.347926,0.351984,0.356044,0.360104,0.364165,0.368226,0.372287,0.376347,0.380405,0.384463,0.388518,0.392571,0.396622,0.400669,0.404712,0.408752,0.412787,0.416817,0.420842,0.424861,0.428874,0.432881,0.43688,0.440872,0.444856,0.448832,0.452799,0.456757,0.460706,0.464645,0.468573,0.47249,0.476396,0.480291,0.484173,0.488043,0.4919,0.495744,0.499574,0.50339,0.507191,0.510978,0.514749,0.518505,0.522244,0.525968,0.529674,0.533363,0.537035,0.540689,0.544324,0.547941,0.551539,0.555117,0.558676,0.562215,0.565734,0.569232,0.572709,0.576164,0.579598,0.58301,0.5864,0.589767,0.593112,0.596433,0.599731,0.603006,0.606256,0.609483,0.612684,0.615862,0.619014,0.622141,0.625242,0.628318,0.631368,0.634392,0.63739,0.640361,0.643305,0.646223,0.649113,0.651976,0.654812,0.65762,0.660399,0.663151,0.665875,0.66857,0.671237,0.673876,0.676485,0.679066,0.681617,0.684139,0.686632,0.689096,0.69153,0.693934,0.696308,0.698653,0.700967,0.703251,0.705505,0.707729,0.709923,0.712086,0.714218,0.71632,0.718391,0.720431,0.722441,0.72442,0.726367,0.728284,0.730169,0.732024,0.733847,0.735639,0.7374,0.739129,0.740827,0.742494,0.744129,0.745732,0.747304,0.748845,0.750354,0.751832,0.753277,0.754691,0.756074,0.757425,0.758744,0.760031,0.761287,0.76251,0.763702,0.764863,0.765991,0.767088,0.768152,0.769185,0.770186,0.771156,0.772093,0.772998,0.773872,0.774714,0.775523,0.776301,0.777047,0.777762,0.778444,0.779094,0.779712,0.780299,0.780853,0.781376,0.781867,0.782326,0.782753,0.783148,0.783511,0.783842,0.784141,0.784408,0.784644,0.784847,0.785019,0.785159,0.785266,0.785342,0.785386,0.785398,0.785378,0.785326,0.785242,0.785127,0.784979,0.784799,0.784588,0.784345,0.784069,0.783762,0.783423,0.783052,0.782649,0.782214,0.781747,0.781248,0.780718,0.780155,0.779561,0.778934,0.778276,0.777586,0.776864,0.77611,0.775324,0.774506,0.773656,0.772775,0.771861,0.770916,0.769939,0.76893,0.767889,0.766816,0.765712,0.764575,0.763407,0.762207,0.760975,0.759712,0.758416,0.757089,0.75573,0.75434,0.752918,0.751464,0.749979,0.748462,0.746913,0.745333,0.743721,0.742078,0.740403,0.738697,0.73696,0.735191,0.733391,0.73156,0.729698,0.727804,0.725879,0.723924,0.721937,0.719919,0.717871,0.715792,0.713682,0.711541,0.70937,0.707169,0.704937,0.702675,0.700382,0.69806,0.695707,0.693325,0.690912,0.68847,0.685999,0.683498,0.680967,0.678408,0.675819,0.673201,0.670555,0.66788,0.665176,0.662444,0.659684,0.656896,0.65408,0.651236,0.648365,0.645467,0.642541,0.639588,0.636609,0.633603,0.630571,0.627512,0.624428,0.621318,0.618183,0.615022,0.611837,0.608627,0.605392,0.602133,0.59885,0.595544,0.592214,0.588861,0.585485,0.582087,0.578667,0.575224,0.57176,0.568275,0.564768,0.561241,0.557694,0.554127,0.55054,0.546933,0.543308,0.539664,0.536002,0.532322,0.528624,0.524909,0.521178,0.51743,0.513665,0.509886,0.506091,0.502281,0.498456,0.494618,0.490766,0.4869,0.483022,0.479131,0.475228,0.471314,0.467388,0.463452,0.459505,0.455548,0.451582,0.447606,0.443622,0.43963,0.43563,0.431622,0.427608,0.423586,0.419559,0.415526,0.411488,0.407445,0.403398,0.399347,0.395291,0.391233,0.387173,0.38311,0.379045,0.374978,0.370911,0.366843,0.362774,0.358706,0.354638,0.350572,0.346506,0.342443,0.338381,0.334322,0.330266,0.326214,0.322165,0.31812,0.314079,0.310043,0.306012,0.301987,0.297967,0.293954,0.289947,0.285947,0.281954,0.277968,0.27399,0.27002,0.266059,0.262106,0.258162,0.254227,0.250302,0.246387,0.242482,0.238587,0.234702,0.230828,0.226966,0.223114,0.219275,0.215447,0.211631,0.207827,0.204035,0.200257,0.196491,0.192738,0.188998,0.185271,0.181559,0.177859,0.174174,0.170503,0.166846,0.163203,0.159575,0.155961,0.152362,0.148778,0.145209,0.141655,0.138116,0.134593,0.131085,0.127592,0.124115,0.120653,0.117208,0.113778,0.110364,0.106966,0.103584,0.100218,0.0968685,0.0935351,0.0902178,0.0869167,0.0836319,0.0803635,0.0771116,0.0738757,0.0706565,0.0674537,0.0642672,0.0610972,0.0579437,0.0548066,0.0516861,0.048582,0.0454942,0.0424229,0.0393682,0.0363298,0.0333079,0.030302,0.0273129,0.0243399,0.0213833,0.018443,0.0155189,0.0126111,0.00971939,0.00684385,0.0039844,0.00114108,6.28319,\right]
running path!

