
[tomas@nixbtw:~/projects/Robotics/current/libs/lyfast]$ mu
Not sending analytics for this command.

^Cmake: *** [common.mk:288: bin/main.cpp.o] Interrupt

Aborted.

[tomas@nixbtw:~/projects/Robotics/current/libs/lyfast]$ mu
Not sending analytics for this command.

Compiled src/main.cpp [WARNINGS]
In file included from ./include/blazing/api.hpp:19,
                 from src/main.cpp:2:
./include/blazing/trackers/arc_odom.hpp: In member function 'void blazing::ArcOdomTracker::update()':
./include/blazing/trackers/arc_odom.hpp:318:20: warning: variable 'delta_time' set but not used [-Wunused-but-set-variable]
  318 |         const Time delta_time = deltaTime(last_time);
      |                    ^~~~~~~~~~
In file included from ./include/lyfast/ramsete.hpp:9,
                 from ./include/lyfast/api.hpp:13,
                 from src/main.cpp:6:
./include/lyfast/vel_controller.hpp: In constructor 'blazing::lyfast::DifferentialVelocityController::DifferentialVelocityController(blazing::lyfast::VelocityControllerParams, LinearVelocity, Length, double, bool, std::reference_wrapper<blazing::DifferentialDrivetrain>)':
./include/lyfast/vel_controller.hpp:235:10: warning: 'blazing::lyfast::DifferentialVelocityController::m_prioritize_angular' will be initialized after [-Wreorder]
  235 |     bool m_prioritize_angular = false;
      |          ^~~~~~~~~~~~~~~~~~~~
./include/lyfast/vel_controller.hpp:231:52: warning:   'std::reference_wrapper<blazing::DifferentialDrivetrain> blazing::lyfast::DifferentialVelocityController::drivetrain' [-Wreorder]
  231 |     std::reference_wrapper<DifferentialDrivetrain> drivetrain;
      |                                                    ^~~~~~~~~~
./include/lyfast/vel_controller.hpp:344:5: warning:   when initialized here [-Wreorder]
  344 |     DifferentialVelocityController(
      |     ^~~~~~~~~~~~~~~~~~~~~~~~~~~~~~
./include/lyfast/vel_controller.hpp: In constructor 'blazing::lyfast::DifferentialVelocityController::DifferentialVelocityController(blazing::lyfast::SimpleVelocityControllerParams<LinearVelocity>, LinearVelocity, Length, double, bool, std::reference_wrapper<blazing::DifferentialDrivetrain>)':
./include/lyfast/vel_controller.hpp:235:10: warning: 'blazing::lyfast::DifferentialVelocityController::m_prioritize_angular' will be initialized after [-Wreorder]
  235 |     bool m_prioritize_angular = false;
      |          ^~~~~~~~~~~~~~~~~~~~
./include/lyfast/vel_controller.hpp:231:52: warning:   'std::reference_wrapper<blazing::DifferentialDrivetrain> blazing::lyfast::DifferentialVelocityController::drivetrain' [-Wreorder]
  231 |     std::reference_wrapper<DifferentialDrivetrain> drivetrain;
      |                                                    ^~~~~~~~~~
./include/lyfast/vel_controller.hpp:376:5: warning:   when initialized here [-Wreorder]
  376 |     DifferentialVelocityController(
      |     ^~~~~~~~~~~~~~~~~~~~~~~~~~~~~~
In file included from ./include/api.h:68,
                 from ./include/main.h:37,
                 from src/main.cpp:1:
./include/pros/imu.hpp: At global scope:
./include/pros/imu.hpp:145:30: warning: 'virtual int32_t pros::v5::Imu::reset(bool) const' was hidden [-Woverloaded-virtual=]
  145 |         virtual std::int32_t reset(bool blocking = false) const;
      |                              ^~~~~
src/main.cpp:53:13: note:   by 'int32_t ScaledIMU::reset(bool)'
   53 |     int32_t reset(bool blocking = false) {
      |             ^~~~~
./include/pros/imu.hpp:786:30: warning: 'virtual int32_t pros::v5::Imu::set_rotation(double) const' was hidden [-Woverloaded-virtual=]
  786 |         virtual std::int32_t set_rotation(const double target) const;
      |                              ^~~~~~~~~~~~
src/main.cpp:68:17: note:   by 'virtual int ScaledIMU::set_rotation(double)'
   68 |     virtual int set_rotation(double new_rotation) {
      |                 ^~~~~~~~~~~~
src/main.cpp: In function 'void manual_mp_test()':
src/main.cpp:839:28: warning: unused variable 'desired_target' [-Wunused-variable]
  839 |         DifferentialSpeeds desired_target { .linear_velocity =
      |                            ^~~~~~~~~~~~~~
src/main.cpp:848:24: warning: variable 'curr_lin_vel' set but not used [-Wunused-but-set-variable]
  848 |         LinearVelocity curr_lin_vel = (curr_left_vel + curr_right_vel) / 2.0;
      |                        ^~~~~~~~~~~~
src/main.cpp: In function 'void simple_mp_test()':
src/main.cpp:940:28: warning: unused variable 'desired_target' [-Wunused-variable]
  940 |         DifferentialSpeeds desired_target { .linear_velocity =
      |                            ^~~~~~~~~~~~~~
Adding timestamp [OK]
Linking hot project with ./bin/cold.package.elf and blazing,Eigen,float_units,libc,liblvgl,libm,libpros,lyfast [OK]
Section sizes:
   text    data     bss   total     hex filename
96.52KB 452.00B  46.02MB  46.12MB 2e1c48d bin/hot.package.elf
Creating bin/hot.package.bin for VEX EDR V5 [DONE]
Uploading program "lyfast" (lyfast) to V5 slot 1 on /dev/ttyACM0 (compressed)
Compressing library [####################################] 100%
Library is already onboard V5
Uploading slot_1.ini [####################################] 100%
Compressing binary [####################################] 100%
Uploading slot_1.bin (hot.package.bin) [####################################] 100%
Finished uploading "lyfast" (lyfast) to V5

[tomas@nixbtw:~/projects/Robotics/current/libs/lyfast]$ t
Not sending analytics for this command.

Established terminal connection



         _+=+_
      .-`  .  `-.          8888888b.  8888888b.   .d88888b.   .d8888b.
   _+`     "     `+_       888   Y88b 888   Y88b d88P" "Y88b d88P  Y88b
  \\\sssssssssssss///      888    888 888    888 888     888 Y88b.
     .ss\  *  /ss.         888   d88P 888   d88P 888     888  "Y888b.
 .+bm  .s  *  s.  md+.     8888888P"  8888888P"  888     888     "Y88b.
.hMMMMs .  *  . sMMMMh.    888        888 T88b   888     888       "888
 `\hMMMb \ | / dMMMh:      888        888  T88b  Y88b. .d88P Y88b  d88P
   -SNMNo  -  oNMNs-       888        888   T88b  "Y88888P"   "Y8888P"
     `+dMh\./dMd/
        `:yNy:`                      Powered by PROS for VEX V5
           "                Copyright (c) Purdue University ACM SIGBots
Version:        4.2.1     Platform:  V1.1.5 (b18)     Uptime:    0.000 s
Compiled:   Jan  1 1980 00:00:00     Directory:





         _+=+_
      .-`  .  `-.          8888888b.  8888888b.   .d88888b.   .d8888b.
   _+`     "     `+_       888   Y88b 888   Y88b d88P" "Y88b d88P  Y88b
  \\\sssssssssssss///      888    888 888    888 888     888 Y88b.
     .ss\  *  /ss.         888   d88P 888   d88P 888     888  "Y888b.
 .+bm  .s  *  s.  md+.     8888888P"  8888888P"  888     888     "Y88b.
.hMMMMs .  *  . sMMMMh.    888        888 T88b   888     888       "888
 `\hMMMb \ | / dMMMh:      888        888  T88b  Y88b. .d88P Y88b  d88P
   -SNMNo  -  oNMNs-       888        888   T88b  "Y88888P"   "Y8888P"
     `+dMh\./dMd/
        `:yNy:`                      Powered by PROS for VEX V5
           "                Copyright (c) Purdue University ACM SIGBots
Version:        4.2.1     Platform:  V1.1.5 (b18)     Uptime:    0.000 s
Compiled:   Jan  1 1980 00:00:00     Directory:


total distance: 54.536701
delta_distance: 0.100000
allocated for points 555
adding points:1057
isolated constraints:1472
forwards pass:1779
backwards pass:3929
travel times:3998
final time:4009
a_{kin}=\left[46.02,45.7615,45.5051,45.251,44.9991,44.7494,44.5019,44.2566,44.0136,43.7728,43.5342,43.2979,43.0638,42.832,42.6024,42.3751,42.15,41.9272,41.7067,41.4885,41.2725,41.0588,40.8475,40.6384,40.4316,40.2271,40.025,39.8251,39.6276,39.4324,39.2396,39.0491,38.8609,38.6751,38.4917,38.3106,38.1319,37.9555,37.7816,37.61,37.4408,37.2741,37.1097,36.9477,36.7882,36.6311,36.4764,36.3242,36.1744,36.0271,35.8822,35.7399,35.5999,35.4625,35.3276,35.1951,35.0652,34.9378,34.8129,34.6906,34.5708,34.4536,34.3389,34.2268,34.1172,34.0103,33.9059,33.8042,33.7051,33.6086,33.5148,33.4236,33.335,33.2492,33.166,33.0855,33.0078,32.9327,32.8604,32.7909,32.724,32.66,32.5988,32.5403,32.4847,32.4319,32.3819,32.3348,32.2906,32.2492,32.2108,32.1753,32.1427,32.1131,32.0864,32.0628,32.0422,32.0246,32.01,31.9986,31.9902,31.9849,31.9828,31.9838,31.9881,31.9955,32.0062,32.0201,32.0373,32.0578,32.0817,32.1089,32.1395,32.1735,32.211,32.252,32.2965,32.3446,32.3962,32.4515,32.5104,32.573,32.6393,32.7095,32.7834,32.8612,32.9429,33.0285,33.1181,33.2118,33.3095,33.4114,33.5175,33.6278,33.7424,33.8614,33.9847,34.1126,34.245,34.382,34.5237,34.6701,34.8213,34.9774,35.1384,35.3045,35.4757,35.6522,35.8339,36.021,36.2136,36.4117,36.6156,36.8252,37.0407,37.2622,37.4898,37.7237,37.9639,38.2106,38.4639,38.724,38.991,39.265,39.5463,39.8349,40.1311,40.435,40.7468,41.0667,41.3949,41.7315,42.0769,42.4312,42.7946,43.1675,43.55,43.9424,44.345,44.7581,45.1819,45.6168,46.0632,46.5213,46.9915,47.4741,47.9697,48.4785,49.0011,49.5378,50.0891,50.6556,51.2377,51.8361,52.4512,53.0837,53.7342,54.4034,55.092,55.8008,56.5305,57.282,58.0561,58.8538,59.6761,60.524,61.3987,62.3012,63.2329,64.1951,65.1892,66.2167,67.2792,68.3784,69.5162,70.6945,71.9154,73.1811,74.4942,75.857,77.2725,78.7437,80.2738,81.8662,83.5249,85.2538,87.0574,88.9407,90.9088,92.9675,95.1232,97.3827,99.7536,102.244,104.864,107.623,110.532,113.604,116.853,120.295,123.946,127.828,131.961,136.372,141.089,146.145,151.578,157.431,163.756,170.61,178.065,186.202,195.118,204.933,215.788,227.858,241.358,256.56,273.806,293.539,316.337,342.975,374.513,412.437,458.909,517.182,592.41,693.246,835.451,1051.06,1416.65,2172.21,4654.93,9997.9,3620.03,1916.55,1303.26,987.324,794.679,664.936,571.614,501.262,446.331,402.249,366.093,335.901,310.309,288.341,269.279,252.581,237.833,224.714,212.966,202.386,192.809,184.097,176.14,168.842,162.126,155.925,150.181,144.846,139.878,135.241,130.901,126.833,123.011,119.414,116.022,112.819,109.789,106.918,104.195,101.609,99.1487,96.8064,94.5735,92.4426,90.4071,88.4607,86.5978,84.8132,83.1022,81.4605,79.884,78.3689,76.9119,75.5098,74.1596,72.8585,71.6042,70.3941,69.226,68.098,67.0081,65.9544,64.9354,63.9493,62.9948,62.0705,61.175,60.3071,59.4656,58.6495,57.8577,57.0892,56.3432,55.6187,54.915,54.2313,53.5667,52.9207,52.2925,51.6816,51.0873,50.5091,49.9464,49.3987,48.8655,48.3464,47.8408,47.3485,46.8689,46.4017,45.9465,45.503,45.0708,44.6496,44.2391,43.839,43.4491,43.0689,42.6984,42.3372,41.9851,41.6419,41.3073,40.9812,40.6633,40.3534,40.0514,39.7571,39.4702,39.1908,38.9184,38.6531,38.3947,38.143,37.8979,37.6593,37.4269,37.2009,36.9808,36.7668,36.5586,36.3562,36.1594,35.9682,35.7825,35.6021,35.427,35.257,35.0922,34.9324,34.7776,34.6276,34.4824,34.3419,34.2061,34.0749,33.9482,33.826,33.7082,33.5947,33.4856,33.3806,33.2798,33.1832,33.0906,33.0021,32.9176,32.837,32.7603,32.6874,32.6184,32.5531,32.4915,32.4337,32.3795,32.3289,32.2819,32.2385,32.1986,32.1621,32.1292,32.0996,32.0735,32.0507,32.0312,32.0151,32.0022,31.9926,31.9863,31.9831,31.9832,31.9864,31.9927,32.0022,32.0148,32.0304,32.0491,32.0709,32.0956,32.1234,32.1541,32.1878,32.2245,32.2641,32.3066,32.352,32.4002,32.4514,32.5054,32.5622,32.6219,32.6843,32.7496,32.8176,32.8884,32.962,33.0383,33.1173,33.199,33.2835,33.3706,33.4605,33.5529,33.6481,33.7459,33.8464,33.9494,34.0552,34.1635,34.2744,34.3879,34.5039,34.6226,34.7438,34.8676,34.9939,35.1227,35.2541,35.388,35.5244,35.6633,35.8047,35.9487,36.095,36.2439,36.3952,36.549,36.7052,36.8639,37.025,37.1886,37.3546,37.523,37.6938,37.867,38.0426,38.2206,38.401,38.5838,38.7689,38.9564,39.1463,39.3385,39.5331,39.7301,39.9293,40.1309,40.3349,40.5411,40.7497,40.9606,41.1738,41.3893,41.6071,41.8272,42.0496,42.2743,42.5012,42.7305,42.962,43.1957,43.4318,43.67,43.9105,44.1533,44.3983,44.6456,44.8951,45.1468,45.4007,45.6569,45.9153,46.02\right]
a_{turn}=\left[\right]
d_{kin}=\left[46.02,45.7615,45.5051,45.251,44.9991,44.7494,44.5019,44.2566,44.0136,43.7728,43.5342,43.2979,43.0638,42.832,42.6024,42.3751,42.15,41.9272,41.7067,41.4885,41.2725,41.0588,40.8475,40.6384,40.4316,40.2271,40.025,39.8251,39.6276,39.4324,39.2396,39.0491,38.8609,38.6751,38.4917,38.3106,38.1319,37.9555,37.7816,37.61,37.4408,37.2741,37.1097,36.9477,36.7882,36.6311,36.4764,36.3242,36.1744,36.0271,35.8822,35.7399,35.5999,35.4625,35.3276,35.1951,35.0652,34.9378,34.8129,34.6906,34.5708,34.4536,34.3389,34.2268,34.1172,34.0103,33.9059,33.8042,33.7051,33.6086,33.5148,33.4236,33.335,33.2492,33.166,33.0855,33.0078,32.9327,32.8604,32.7909,32.724,32.66,32.5988,32.5403,32.4847,32.4319,32.3819,32.3348,32.2906,32.2492,32.2108,32.1753,32.1427,32.1131,32.0864,32.0628,32.0422,32.0246,32.01,31.9986,31.9902,31.9849,31.9828,31.9838,31.9881,31.9955,32.0062,32.0201,32.0373,32.0578,32.0817,32.1089,32.1395,32.1735,32.211,32.252,32.2965,32.3446,32.3962,32.4515,32.5104,32.573,32.6393,32.7095,32.7834,32.8612,32.9429,33.0285,33.1181,33.2118,33.3095,33.4114,33.5175,33.6278,33.7424,33.8614,33.9847,34.1126,34.245,34.382,34.5237,34.6701,34.8213,34.9774,35.1384,35.3045,35.4757,35.6522,35.8339,36.021,36.2136,36.4117,36.6156,36.8252,37.0407,37.2622,37.4898,37.7237,37.9639,38.2106,38.4639,38.724,38.991,39.265,39.5463,39.8349,40.1311,40.435,40.7468,41.0667,41.3949,41.7315,42.0769,42.4312,42.7946,43.1675,43.55,43.9424,44.345,44.7581,45.1819,45.6168,46.0632,46.5213,46.9915,47.4741,47.9697,48.4785,49.0011,49.5378,50.0891,50.6556,51.2377,51.8361,52.4512,53.0837,53.7342,54.4034,55.092,55.8008,56.5305,57.282,58.0561,58.8538,59.6761,60.524,61.3987,62.3012,63.2329,64.1951,65.1892,66.2167,67.2792,68.3784,69.5162,70.6945,71.9154,73.1811,74.4942,75.857,77.2725,78.7437,80.2738,81.8662,83.5249,85.2538,87.0574,88.9407,90.9088,92.9675,93.3054,93.4506,93.5963,93.7425,93.8893,94.0366,94.1844,94.3328,94.4816,94.631,94.781,94.9314,95.0824,95.2338,95.3858,95.5383,95.6914,95.8449,95.999,96.1535,96.3086,96.4642,96.6203,96.777,96.9341,97.0918,97.25,97.4087,97.568,97.7278,97.8881,98.0489,98.2102,98.3721,98.5346,98.6975,98.8611,99.0251,99.1897,99.3548,99.5205,99.6868,99.8536,99.979,99.8118,99.6452,99.479,99.3135,99.1485,98.984,98.8201,98.6567,98.4939,98.3316,98.1698,98.0086,97.8479,97.6877,97.5281,97.369,97.2104,97.0523,96.8948,96.7377,96.5812,96.4252,96.2698,96.1148,95.9604,95.8064,95.653,95.5001,95.3477,95.1959,95.0445,94.8937,94.7434,94.5936,94.4443,94.2956,94.1473,93.9996,93.8525,93.7058,93.5597,93.4142,93.2691,92.4426,90.4071,88.4607,86.5978,84.8132,83.1022,81.4605,79.884,78.3689,76.9119,75.5098,74.1596,72.8585,71.6042,70.3941,69.226,68.098,67.0081,65.9544,64.9354,63.9493,62.9948,62.0705,61.175,60.3071,59.4656,58.6495,57.8577,57.0892,56.3432,55.6187,54.915,54.2313,53.5667,52.9207,52.2925,51.6816,51.0873,50.5091,49.9464,49.3987,48.8655,48.3464,47.8408,47.3485,46.8689,46.4017,45.9465,45.503,45.0708,44.6496,44.2391,43.839,43.4491,43.0689,42.6984,42.3372,41.9851,41.6419,41.3073,40.9812,40.6633,40.3534,40.0514,39.7571,39.4702,39.1908,38.9184,38.6531,38.3947,38.143,37.8979,37.6593,37.4269,37.2009,36.9808,36.7668,36.5586,36.3562,36.1594,35.9682,35.7825,35.6021,35.427,35.257,35.0922,34.9324,34.7776,34.6276,34.4824,34.3419,34.2061,34.0749,33.9482,33.826,33.7082,33.5947,33.4856,33.3806,33.2798,33.1832,33.0906,33.0021,32.9176,32.837,32.7603,32.6874,32.6184,32.5531,32.4915,32.4337,32.3795,32.3289,32.2819,32.2385,32.1986,32.1621,32.1292,32.0996,32.0735,32.0507,32.0312,32.0151,32.0022,31.9926,31.9863,31.9831,31.9832,31.9864,31.9927,32.0022,32.0148,32.0304,32.0491,32.0709,32.0956,32.1234,32.1541,32.1878,32.2245,32.2641,32.3066,32.352,32.4002,32.4514,32.5054,32.5622,32.6219,32.6843,32.7496,32.8176,32.8884,32.962,33.0383,33.1173,33.199,33.2835,33.3706,33.4605,33.5529,33.6481,33.7459,33.8464,33.9494,34.0552,34.1635,34.2744,34.3879,34.5039,34.6226,34.7438,34.8676,34.9939,35.1227,35.2541,35.388,35.5244,35.6633,35.8047,35.9487,36.095,36.2439,36.3952,36.549,36.7052,36.8639,37.025,37.1886,37.3546,37.523,37.6938,37.867,38.0426,38.2206,38.401,38.5838,38.7689,38.9564,39.1463,39.3385,39.5331,39.7301,39.9293,40.1309,40.3349,40.5411,40.7497,40.9606,41.1738,41.3893,41.6071,41.8272,42.0496,42.2743,42.5012,42.7305,42.962,43.1957,43.4318,43.67,43.9105,44.1533,44.3983,44.6456,44.8951,45.1468,45.4007,45.6569,45.9153,46.02\right]
d_{turn}=\left[\right]
v_{kin}=\left[52.2509,52.2128,52.1747,52.1365,52.0983,52.06,52.0217,51.9834,51.9451,51.9068,51.8684,51.8301,51.7917,51.7534,51.7151,51.6768,51.6386,51.6004,51.5622,51.5241,51.486,51.4481,51.4101,51.3723,51.3345,51.2969,51.2593,51.2219,51.1846,51.1474,51.1103,51.0734,51.0366,51,50.9636,50.9273,50.8913,50.8554,50.8197,50.7843,50.7491,50.7141,50.6793,50.6449,50.6106,50.5767,50.543,50.5097,50.4766,50.4439,50.4115,50.3794,50.3477,50.3163,50.2853,50.2547,50.2245,50.1946,50.1652,50.1362,50.1077,50.0796,50.052,50.0248,49.9981,49.9719,49.9462,49.921,49.8964,49.8723,49.8487,49.8257,49.8033,49.7815,49.7602,49.7396,49.7195,49.7001,49.6814,49.6632,49.6458,49.629,49.6129,49.5974,49.5827,49.5687,49.5554,49.5428,49.531,49.5199,49.5096,49.5001,49.4913,49.4833,49.4761,49.4697,49.4641,49.4593,49.4554,49.4523,49.45,49.4486,49.448,49.4483,49.4494,49.4515,49.4543,49.4581,49.4628,49.4684,49.4748,49.4822,49.4904,49.4996,49.5097,49.5207,49.5326,49.5455,49.5592,49.5739,49.5895,49.6061,49.6235,49.6419,49.6613,49.6815,49.7027,49.7249,49.7479,49.7719,49.7968,49.8227,49.8494,49.8771,49.9057,49.9352,49.9656,49.997,50.0292,50.0624,50.0964,50.1314,50.1672,50.2039,50.2415,50.28,50.3193,50.3595,50.4006,50.4425,50.4853,50.5289,50.5733,50.6186,50.6647,50.7116,50.7593,50.8078,50.8571,50.9072,50.958,51.0097,51.0621,51.1152,51.1691,51.2237,51.2791,51.3352,51.392,51.4495,51.5076,51.5665,51.6261,51.6863,51.7472,51.8088,51.871,51.9338,51.9973,52.0613,52.126,52.1913,52.2573,52.3237,52.3908,52.4584,52.5266,52.5954,52.6647,52.7346,52.805,52.8759,52.9473,53.0192,53.0917,53.1646,53.238,53.3119,53.3863,53.4612,53.5365,53.6122,53.6885,53.7651,53.8422,53.9197,53.9977,54.0761,54.1548,54.234,54.3136,54.3936,54.474,54.5548,54.6359,54.7175,54.7994,54.8816,54.9643,55.0473,55.1307,55.2144,55.2984,55.3829,55.4676,55.5527,55.6382,55.7239,55.81,55.8965,55.9833,56.0703,56.1578,56.2455,56.3336,56.422,56.5106,56.5997,56.689,56.7786,56.8686,56.9588,57.0494,57.1403,57.2315,57.323,57.4148,57.5069,57.5994,57.6921,57.7852,57.8785,57.9722,58.0662,58.1605,58.2551,58.35,58.4452,58.5408,58.6367,58.7328,58.8293,58.9261,59.0233,59.1207,59.2185,59.3166,59.4151,59.5138,59.6129,59.7123,59.8121,59.9122,59.9874,59.8871,59.7871,59.6874,59.5881,59.4891,59.3904,59.2921,59.194,59.0963,58.999,58.9019,58.8052,58.7088,58.6126,58.5169,58.4214,58.3262,58.2314,58.1369,58.0427,57.9487,57.8552,57.7619,57.6689,57.5762,57.4839,57.3918,57.3001,57.2086,57.1175,57.0267,56.9362,56.846,56.7562,56.6666,56.5773,56.4884,56.3998,56.3115,56.2235,56.1358,56.0485,55.9615,55.8748,55.7884,55.7024,55.6167,55.5313,55.4463,55.3616,55.2773,55.1933,55.1097,55.0264,54.9435,54.8609,54.7787,54.6969,54.6155,54.5344,54.4537,54.3734,54.2935,54.214,54.1349,54.0562,53.9779,53.9001,53.8227,53.7457,53.6691,53.593,53.5173,53.4421,53.3674,53.2931,53.2193,53.146,53.0731,53.0008,52.929,52.8577,52.7869,52.7166,52.6469,52.5777,52.509,52.441,52.3734,52.3065,52.2401,52.1744,52.1092,52.0446,51.9807,51.9173,51.8546,51.7926,51.7312,51.6704,51.6103,51.5509,51.4922,51.4342,51.3768,51.3202,51.2643,51.2091,51.1546,51.1009,51.0479,50.9957,50.9442,50.8935,50.8436,50.7945,50.7462,50.6987,50.6519,50.606,50.561,50.5167,50.4733,50.4307,50.389,50.3481,50.3081,50.269,50.2307,50.1934,50.1569,50.1212,50.0865,50.0527,50.0198,49.9878,49.9566,49.9265,49.8972,49.8688,49.8414,49.8149,49.7893,49.7646,49.7409,49.7181,49.6962,49.6752,49.6552,49.6362,49.618,49.6008,49.5845,49.5692,49.5548,49.5413,49.5287,49.5171,49.5063,49.4965,49.4876,49.4797,49.4726,49.4664,49.4611,49.4568,49.4533,49.4507,49.4489,49.4481,49.4481,49.449,49.4507,49.4533,49.4567,49.4609,49.466,49.4719,49.4786,49.4861,49.4944,49.5035,49.5133,49.5239,49.5353,49.5474,49.5603,49.5739,49.5882,49.6032,49.619,49.6354,49.6524,49.6702,49.6886,49.7077,49.7274,49.7477,49.7687,49.7902,49.8123,49.835,49.8583,49.8822,49.9066,49.9315,49.9569,49.9829,50.0094,50.0363,50.0638,50.0917,50.12,50.1489,50.1781,50.2078,50.2379,50.2683,50.2992,50.3304,50.3621,50.394,50.4263,50.459,50.492,50.5253,50.5589,50.5927,50.6269,50.6614,50.6961,50.731,50.7662,50.8016,50.8373,50.8731,50.9092,50.9455,50.9819,51.0185,51.0553,51.0923,51.1294,51.1666,51.204,51.2415,51.2791,51.3168,51.3546,51.3925,51.4305,51.4685,51.5067,51.5449,51.5831,51.6214,51.6598,51.6981,51.7365,51.775,51.8134,51.8518,51.8903,51.9287,51.9672,52.0056,52.044,52.0824,52.1207,52.159,52.1973,52.2355,52.2509\right]
v_{turn}=\left[70.8,70.4023,70.0079,69.6169,69.2294,68.8452,68.4645,68.0871,67.7132,67.3428,66.9757,66.6121,66.252,65.8954,65.5422,65.1924,64.8462,64.5034,64.1642,63.8284,63.4962,63.1674,62.8423,62.5206,62.2025,61.8879,61.5769,61.2695,60.9656,60.6653,60.3686,60.0755,59.7861,59.5002,59.218,58.9394,58.6644,58.3931,58.1255,57.8616,57.6013,57.3447,57.0918,56.8427,56.5973,56.3555,56.1176,55.8834,55.653,55.4263,55.2034,54.9844,54.7691,54.5577,54.3501,54.1464,53.9465,53.7505,53.5584,53.3702,53.1859,53.0055,52.829,52.6566,52.4881,52.3235,52.163,52.0065,51.854,51.7056,51.5612,51.4209,51.2847,51.1526,51.0246,50.9008,50.7812,50.6657,50.5545,50.4475,50.3447,50.2462,50.1519,50.062,49.9764,49.8952,49.8183,49.7458,49.6778,49.6142,49.555,49.5004,49.4503,49.4047,49.3638,49.3274,49.2957,49.2686,49.2462,49.2286,49.2157,49.2076,49.2043,49.2059,49.2124,49.2239,49.2403,49.2617,49.2881,49.3197,49.3564,49.3983,49.4454,49.4978,49.5554,49.6185,49.6869,49.7609,49.8403,49.9253,50.016,50.1123,50.2144,50.3222,50.436,50.5557,50.6813,50.8131,50.951,51.095,51.2454,51.4022,51.5653,51.7351,51.9114,52.0944,52.2842,52.4809,52.6846,52.8954,53.1133,53.3385,53.5712,53.8113,54.0591,54.3147,54.5781,54.8495,55.1291,55.4169,55.7132,56.0181,56.3316,56.6541,56.9857,57.3265,57.6766,58.0364,58.406,58.7855,59.1752,59.5754,59.9861,60.4077,60.8405,61.2845,61.7402,62.2077,62.6874,63.1795,63.6844,64.2024,64.7337,65.2788,65.8379,66.4115,67,67.6037,68.2231,68.8586,69.5106,70.1798,70.8664,71.5712,72.2945,73.0372,73.7995,74.5824,75.3863,76.212,77.0602,77.9317,78.8273,79.7478,80.6941,81.6672,82.668,83.6976,84.757,85.8474,86.97,88.1261,89.3171,90.5444,91.8094,93.1139,94.4595,95.8481,97.2814,98.7617,100.291,101.872,103.506,105.198,106.948,108.761,110.639,112.586,114.606,116.703,118.881,121.144,123.498,125.948,128.5,131.16,133.935,136.832,139.86,143.027,146.343,149.82,153.467,157.299,161.329,165.573,170.049,174.775,179.774,185.068,190.686,196.658,203.017,209.803,217.06,224.838,233.197,242.202,251.932,262.478,273.946,286.464,300.182,315.282,331.981,350.55,371.321,394.708,421.241,451.599,486.673,527.654,576.173,634.519,706.013,795.665,911.4,1066.53,1285.31,1617.01,2179.46,3341.86,7161.43,50097.7,5569.28,2948.53,2005.01,1518.96,1222.58,1022.98,879.405,771.173,686.662,618.844,563.22,516.77,477.398,443.602,414.275,388.586,365.898,345.713,327.64,311.363,296.629,283.227,270.984,259.757,249.425,239.884,231.047,222.84,215.197,208.062,201.387,195.128,189.248,183.714,178.496,173.567,168.905,164.489,160.3,156.321,152.536,148.933,145.498,142.219,139.088,136.093,133.227,130.482,127.85,125.324,122.898,120.568,118.326,116.169,114.092,112.09,110.16,108.299,106.502,104.766,103.089,101.468,99.9006,98.3836,96.9151,95.493,94.1153,92.7801,91.4855,90.23,89.0118,87.8295,86.6818,85.5673,84.4847,83.4327,82.4103,81.4165,80.4501,79.5102,78.5959,77.7063,76.8406,75.998,75.1777,74.379,73.6013,72.8438,72.106,71.3872,70.6869,70.0046,69.3396,68.6917,68.0602,67.4446,66.8447,66.2599,65.6898,65.1341,64.5925,64.0644,63.5497,63.048,62.5589,62.0822,61.6175,61.1647,60.7235,60.2935,59.8745,59.4664,59.0688,58.6816,58.3045,57.9373,57.5799,57.2321,56.8936,56.5643,56.244,55.9326,55.6299,55.3357,55.0499,54.7724,54.503,54.2416,53.988,53.7422,53.5039,53.2732,53.0498,52.8337,52.6248,52.423,52.228,52.04,51.8588,51.6842,51.5162,51.3548,51.1998,51.0511,50.9087,50.7725,50.6424,50.5184,50.4004,50.2883,50.1821,50.0817,49.987,49.898,49.8146,49.7368,49.6645,49.5977,49.5363,49.4802,49.4295,49.384,49.3438,49.3087,49.2788,49.254,49.2342,49.2194,49.2097,49.2048,49.2049,49.2098,49.2196,49.2342,49.2535,49.2776,49.3063,49.3398,49.3779,49.4206,49.4679,49.5198,49.5761,49.6371,49.7024,49.7723,49.8465,49.9252,50.0083,50.0957,50.1875,50.2836,50.384,50.4886,50.5976,50.7107,50.8281,50.9497,51.0754,51.2054,51.3394,51.4776,51.6199,51.7663,51.9168,52.0714,52.2299,52.3925,52.5592,52.7298,52.9044,53.083,53.2655,53.452,53.6424,53.8368,54.035,54.2371,54.4431,54.6529,54.8667,55.0842,55.3056,55.5308,55.7598,55.9927,56.2292,56.4696,56.7137,56.9616,57.2132,57.4685,57.7276,57.9904,58.2569,58.5271,58.8009,59.0784,59.3596,59.6445,59.933,60.2251,60.5208,60.8202,61.1232,61.4297,61.7399,62.0537,62.371,62.6919,63.0163,63.3443,63.6759,64.011,64.3496,64.6917,65.0374,65.3865,65.7392,66.0953,66.455,66.8181,67.1847,67.5547,67.9282,68.3051,68.6855,69.0693,69.4566,69.8473,70.2414,70.6389,70.8\right]
v_{friction}=\left[52.2509,52.2128,52.1747,52.1365,52.0983,52.06,52.0217,51.9834,51.9451,51.9068,51.8684,51.8301,51.7917,51.7534,51.7151,51.6768,51.6386,51.6004,51.5622,51.5241,51.486,51.4481,51.4101,51.3723,51.3345,51.2969,51.2593,51.2219,51.1846,51.1474,51.1103,51.0734,51.0366,51,50.9636,50.9273,50.8913,50.8554,50.8197,50.7843,50.7491,50.7141,50.6793,50.6449,50.6106,50.5767,50.543,50.5097,50.4766,50.4439,50.4115,50.3794,50.3477,50.3163,50.2853,50.2547,50.2245,50.1946,50.1652,50.1362,50.1077,50.0796,50.052,50.0248,49.9981,49.9719,49.9462,49.921,49.8964,49.8723,49.8487,49.8257,49.8033,49.7815,49.7602,49.7396,49.7195,49.7001,49.6814,49.6632,49.6458,49.629,49.6129,49.5974,49.5827,49.5687,49.5554,49.5428,49.531,49.5199,49.5096,49.5001,49.4503,49.4047,49.3638,49.3274,49.2957,49.2686,49.2462,49.2286,49.2157,49.2076,49.2043,49.2059,49.2124,49.2239,49.2403,49.2617,49.2881,49.3197,49.3564,49.3983,49.4454,49.4978,49.5097,49.5207,49.5326,49.5455,49.5592,49.5739,49.5895,49.6061,49.6235,49.6419,49.6613,49.6815,49.7027,49.7249,49.7479,49.7719,49.7968,49.8227,49.8494,49.8771,49.9057,49.9352,49.9656,49.997,50.0292,50.0624,50.0964,50.1314,50.1672,50.2039,50.2415,50.28,50.3193,50.3595,50.4006,50.4425,50.4853,50.5289,50.5733,50.6186,50.6647,50.7116,50.7593,50.8078,50.8571,50.9072,50.958,51.0097,51.0621,51.1152,51.1691,51.2237,51.2791,51.3352,51.392,51.4495,51.5076,51.5665,51.6261,51.6863,51.7472,51.8088,51.871,51.9338,51.9973,52.0613,52.126,52.1913,52.2573,52.3237,52.3908,52.4584,52.5266,52.5954,52.6647,52.7346,52.805,52.8759,52.9473,53.0192,53.0917,53.1646,53.238,53.3119,53.3863,53.4612,53.5365,53.6122,53.6885,53.7651,53.8422,53.9197,53.9977,54.0761,54.1548,54.234,54.3136,54.3936,54.474,54.5548,54.6359,54.7175,54.7994,54.8816,54.9643,55.0473,55.1307,55.2144,55.2984,55.3829,55.4676,55.5527,55.6382,55.7239,55.81,55.8965,55.9833,56.0703,56.1578,56.2455,56.3336,56.422,56.5106,56.5997,56.689,56.7786,56.8686,56.9588,57.0494,57.1403,57.2315,57.323,57.4148,57.5069,57.5994,57.6921,57.7852,57.8785,57.9722,58.0662,58.1605,58.2551,58.35,58.4452,58.5408,58.6367,58.7328,58.8293,58.9261,59.0233,59.1207,59.2185,59.3166,59.4151,59.5138,59.6129,59.7123,59.8121,59.9122,59.9874,59.8871,59.7871,59.6874,59.5881,59.4891,59.3904,59.2921,59.194,59.0963,58.999,58.9019,58.8052,58.7088,58.6126,58.5169,58.4214,58.3262,58.2314,58.1369,58.0427,57.9487,57.8552,57.7619,57.6689,57.5762,57.4839,57.3918,57.3001,57.2086,57.1175,57.0267,56.9362,56.846,56.7562,56.6666,56.5773,56.4884,56.3998,56.3115,56.2235,56.1358,56.0485,55.9615,55.8748,55.7884,55.7024,55.6167,55.5313,55.4463,55.3616,55.2773,55.1933,55.1097,55.0264,54.9435,54.8609,54.7787,54.6969,54.6155,54.5344,54.4537,54.3734,54.2935,54.214,54.1349,54.0562,53.9779,53.9001,53.8227,53.7457,53.6691,53.593,53.5173,53.4421,53.3674,53.2931,53.2193,53.146,53.0731,53.0008,52.929,52.8577,52.7869,52.7166,52.6469,52.5777,52.509,52.441,52.3734,52.3065,52.2401,52.1744,52.1092,52.0446,51.9807,51.9173,51.8546,51.7926,51.7312,51.6704,51.6103,51.5509,51.4922,51.4342,51.3768,51.3202,51.2643,51.2091,51.1546,51.1009,51.0479,50.9957,50.9442,50.8935,50.8436,50.7945,50.7462,50.6987,50.6519,50.606,50.561,50.5167,50.4733,50.4307,50.389,50.3481,50.3081,50.269,50.2307,50.1934,50.1569,50.1212,50.0865,50.0527,50.0198,49.9878,49.9566,49.9265,49.8972,49.8688,49.8414,49.8149,49.7893,49.7646,49.7409,49.7181,49.6962,49.6752,49.6552,49.6362,49.618,49.6008,49.5845,49.5692,49.5548,49.5413,49.5287,49.5171,49.5063,49.4802,49.4295,49.384,49.3438,49.3087,49.2788,49.254,49.2342,49.2194,49.2097,49.2048,49.2049,49.2098,49.2196,49.2342,49.2535,49.2776,49.3063,49.3398,49.3779,49.4206,49.4679,49.5035,49.5133,49.5239,49.5353,49.5474,49.5603,49.5739,49.5882,49.6032,49.619,49.6354,49.6524,49.6702,49.6886,49.7077,49.7274,49.7477,49.7687,49.7902,49.8123,49.835,49.8583,49.8822,49.9066,49.9315,49.9569,49.9829,50.0094,50.0363,50.0638,50.0917,50.12,50.1489,50.1781,50.2078,50.2379,50.2683,50.2992,50.3304,50.3621,50.394,50.4263,50.459,50.492,50.5253,50.5589,50.5927,50.6269,50.6614,50.6961,50.731,50.7662,50.8016,50.8373,50.8731,50.9092,50.9455,50.9819,51.0185,51.0553,51.0923,51.1294,51.1666,51.204,51.2415,51.2791,51.3168,51.3546,51.3925,51.4305,51.4685,51.5067,51.5449,51.5831,51.6214,51.6598,51.6981,51.7365,51.775,51.8134,51.8518,51.8903,51.9287,51.9672,52.0056,52.044,52.0824,52.1207,52.159,52.1973,52.2355,52.2509\right]
v_{forward}=\left[0,3.03381,4.28442,5.23997,6.04215,6.74591,7.37951,7.95975,8.49758,9.00065,9.4745,9.92336,10.3505,10.7585,11.1495,11.5253,11.8873,12.2367,12.5747,12.9021,13.2197,13.5283,13.8285,14.1208,14.4057,14.6837,14.9552,15.2204,15.4799,15.7338,15.9825,16.2261,16.465,16.6994,16.9294,17.1552,17.3771,17.5952,17.8096,18.0205,18.228,18.4323,18.6334,18.8315,19.0267,19.2191,19.4087,19.5958,19.7803,19.9623,20.142,20.3193,20.4945,20.6674,20.8383,21.0072,21.1741,21.339,21.5021,21.6634,21.823,21.9808,22.137,22.2916,22.4446,22.5961,22.7461,22.8947,23.0419,23.1877,23.3322,23.4754,23.6173,23.758,23.8976,24.036,24.1732,24.3094,24.4445,24.5786,24.7116,24.8437,24.9748,25.105,25.2343,25.3627,25.4902,25.6169,25.7429,25.868,25.9924,26.116,26.2389,26.3611,26.4827,26.6035,26.7238,26.8434,26.9625,27.0809,27.1988,27.3162,27.433,27.5494,27.6652,27.7806,27.8955,28.01,28.1241,28.2378,28.3511,28.464,28.5766,28.6889,28.8008,28.9124,29.0238,29.1348,29.2456,29.3562,29.4665,29.5767,29.6866,29.7963,29.9059,30.0153,30.1246,30.2338,30.3428,30.4518,30.5606,30.6694,30.7782,30.8869,30.9956,31.1042,31.2129,31.3216,31.4303,31.5391,31.6479,31.7568,31.8658,31.9749,32.0841,32.1934,32.3029,32.4125,32.5224,32.6324,32.7425,32.853,32.9636,33.0745,33.1857,33.2971,33.4088,33.5208,33.6332,33.7459,33.8589,33.9723,34.0861,34.2003,34.3149,34.43,34.5455,34.6615,34.7779,34.8949,35.0124,35.1304,35.249,35.3682,35.4879,35.6083,35.7293,35.851,35.9734,36.0965,36.2202,36.3448,36.4701,36.5961,36.723,36.8508,36.9794,37.1089,37.2393,37.3706,37.503,37.6363,37.7706,37.9061,38.0426,38.1802,38.319,38.4589,38.6001,38.7426,38.8864,39.0315,39.178,39.3259,39.4752,39.6261,39.7786,39.9326,40.0883,40.2458,40.4049,40.566,40.7289,40.8937,41.0606,41.2296,41.4007,41.574,41.7497,41.9277,42.1082,42.2914,42.4771,42.6657,42.8572,43.0516,43.2492,43.45,43.6542,43.862,44.0734,44.2887,44.5081,44.7316,44.9596,45.1923,45.4298,45.6724,45.9205,46.1743,46.4341,46.7002,46.9731,47.2532,47.5409,47.8368,48.1413,48.4552,48.779,49.1024,49.4187,49.7283,50.0312,50.3278,50.6182,50.9027,51.1814,51.4545,51.7222,51.9846,52.242,52.4943,52.7419,52.9848,53.2231,53.457,53.6866,53.912,54.1333,54.3507,54.5642,54.7739,54.9799,55.1824,55.3813,55.5769,55.7691,55.9581,56.1438,56.3265,56.5062,56.6829,56.8567,57.0277,57.1959,57.3615,57.5243,57.6846,57.8424,57.9976,58.1505,58.2314,58.1369,58.0427,57.9487,57.8552,57.7619,57.6689,57.5762,57.4839,57.3918,57.3001,57.2086,57.1175,57.0267,56.9362,56.846,56.7562,56.6666,56.5773,56.4884,56.3998,56.3115,56.2235,56.1358,56.0485,55.9615,55.8748,55.7884,55.7024,55.6167,55.5313,55.4463,55.3616,55.2773,55.1933,55.1097,55.0264,54.9435,54.8609,54.7787,54.6969,54.6155,54.5344,54.4537,54.3734,54.2935,54.214,54.1349,54.0562,53.9779,53.9001,53.8227,53.7457,53.6691,53.593,53.5173,53.4421,53.3674,53.2931,53.2193,53.146,53.0731,53.0008,52.929,52.8577,52.7869,52.7166,52.6469,52.5777,52.509,52.441,52.3734,52.3065,52.2401,52.1744,52.1092,52.0446,51.9807,51.9173,51.8546,51.7926,51.7312,51.6704,51.6103,51.5509,51.4922,51.4342,51.3768,51.3202,51.2643,51.2091,51.1546,51.1009,51.0479,50.9957,50.9442,50.8935,50.8436,50.7945,50.7462,50.6987,50.6519,50.606,50.561,50.5167,50.4733,50.4307,50.389,50.3481,50.3081,50.269,50.2307,50.1934,50.1569,50.1212,50.0865,50.0527,50.0198,49.9878,49.9566,49.9265,49.8972,49.8688,49.8414,49.8149,49.7893,49.7646,49.7409,49.7181,49.6962,49.6752,49.6552,49.6362,49.618,49.6008,49.5845,49.5692,49.5548,49.5413,49.5287,49.5171,49.5063,49.4802,49.4295,49.384,49.3438,49.3087,49.2788,49.254,49.2342,49.2194,49.2097,49.2048,49.2049,49.2098,49.2196,49.2342,49.2535,49.2776,49.3063,49.3398,49.3779,49.4206,49.4679,49.5035,49.5133,49.5239,49.5353,49.5474,49.5603,49.5739,49.5882,49.6032,49.619,49.6354,49.6524,49.6702,49.6886,49.7077,49.7274,49.7477,49.7687,49.7902,49.8123,49.835,49.8583,49.8822,49.9066,49.9315,49.9569,49.9829,50.0094,50.0363,50.0638,50.0917,50.12,50.1489,50.1781,50.2078,50.2379,50.2683,50.2992,50.3304,50.3621,50.394,50.4263,50.459,50.492,50.5253,50.5589,50.5927,50.6269,50.6614,50.6961,50.731,50.7662,50.8016,50.8373,50.8731,50.9092,50.9455,50.9819,51.0185,51.0553,51.0923,51.1294,51.1666,51.204,51.2415,51.2791,51.3168,51.3546,51.3925,51.4305,51.4685,51.5067,51.5449,51.5831,51.6214,51.6598,51.6981,51.7365,51.775,51.8134,51.8518,51.8903,51.9287,51.9672,52.0056,52.044,52.0824,52.1207,52.159,52.1973,52.2355,0\right]
v_{backward}=\left[0,3.03381,4.28442,5.23997,6.04215,6.74591,7.37951,7.95975,8.49758,9.00065,9.4745,9.92336,10.3505,10.7585,11.1495,11.5253,11.8873,12.2367,12.5747,12.9021,13.2197,13.5283,13.8285,14.1208,14.4057,14.6837,14.9552,15.2204,15.4799,15.7338,15.9825,16.2261,16.465,16.6994,16.9294,17.1552,17.3771,17.5952,17.8096,18.0205,18.228,18.4323,18.6334,18.8315,19.0267,19.2191,19.4087,19.5958,19.7803,19.9623,20.142,20.3193,20.4945,20.6674,20.8383,21.0072,21.1741,21.339,21.5021,21.6634,21.823,21.9808,22.137,22.2916,22.4446,22.5961,22.7461,22.8947,23.0419,23.1877,23.3322,23.4754,23.6173,23.758,23.8976,24.036,24.1732,24.3094,24.4445,24.5786,24.7116,24.8437,24.9748,25.105,25.2343,25.3627,25.4902,25.6169,25.7429,25.868,25.9924,26.116,26.2389,26.3611,26.4827,26.6035,26.7238,26.8434,26.9625,27.0809,27.1988,27.3162,27.433,27.5494,27.6652,27.7806,27.8955,28.01,28.1241,28.2378,28.3511,28.464,28.5766,28.6889,28.8008,28.9124,29.0238,29.1348,29.2456,29.3562,29.4665,29.5767,29.6866,29.7963,29.9059,30.0153,30.1246,30.2338,30.3428,30.4518,30.5606,30.6694,30.7782,30.8869,30.9956,31.1042,31.2129,31.3216,31.4303,31.5391,31.6479,31.7568,31.8658,31.9749,32.0841,32.1934,32.3029,32.4125,32.5224,32.6324,32.7425,32.853,32.9636,33.0745,33.1857,33.2971,33.4088,33.5208,33.6332,33.7459,33.8589,33.9723,34.0861,34.2003,34.3149,34.43,34.5455,34.6615,34.7779,34.8949,35.0124,35.1304,35.249,35.3682,35.4879,35.6083,35.7293,35.851,35.9734,36.0965,36.2202,36.3448,36.4701,36.5961,36.723,36.8508,36.9794,37.1089,37.2393,37.3706,37.503,37.6363,37.7706,37.9061,38.0426,38.1802,38.319,38.4589,38.6001,38.7426,38.8864,39.0315,39.178,39.3259,39.4752,39.6261,39.7786,39.9326,40.0883,40.2458,40.4049,40.566,40.7289,40.8937,41.0606,41.2296,41.4007,41.574,41.7497,41.9277,42.1082,42.2914,42.4771,42.6657,42.8572,43.0516,43.2492,43.45,43.6542,43.862,44.0734,44.2887,44.5081,44.7316,44.9596,45.1923,45.4298,45.6724,45.9205,46.1743,46.4341,46.7002,46.9731,47.2532,47.5409,47.8368,48.1413,48.4552,48.779,49.1024,49.4187,49.7283,50.0312,50.3278,50.6182,50.9027,51.1814,51.4545,51.7222,51.9846,52.242,52.4943,52.7419,52.9848,53.2231,53.457,53.6866,53.8554,53.6712,53.4861,53.3,53.1129,52.9249,52.7359,52.546,52.3557,52.165,51.974,51.7825,51.5907,51.3985,51.2059,51.0128,50.8194,50.6255,50.4312,50.2365,50.0414,49.8458,49.6497,49.4532,49.2563,49.0588,48.8609,48.6625,48.4637,48.2643,48.0644,47.864,47.6631,47.4617,47.2597,47.0572,46.8541,46.6505,46.4463,46.2416,46.0362,45.8303,45.6238,45.4166,45.2088,45.0004,44.7914,44.5817,44.3713,44.1603,43.9486,43.7377,43.5305,43.3269,43.1265,42.9294,42.7354,42.5443,42.3562,42.1707,41.988,41.8077,41.63,41.4546,41.2815,41.1106,40.9419,40.7752,40.6106,40.4478,40.287,40.1279,39.9706,39.815,39.6611,39.5087,39.3579,39.2086,39.0608,38.9144,38.7693,38.6256,38.4831,38.342,38.202,38.0632,37.9256,37.7891,37.6536,37.5193,37.3859,37.2535,37.1221,36.9917,36.8621,36.7334,36.6056,36.4786,36.3525,36.2271,36.1025,35.9786,35.8554,35.7329,35.6111,35.49,35.3695,35.2496,35.1302,35.0115,34.8933,34.7757,34.6586,34.5419,34.4258,34.3101,34.1949,34.0801,33.9657,33.8517,33.7381,33.6248,33.5119,33.3994,33.2871,33.1752,33.0635,32.9521,32.841,32.7301,32.6194,32.509,32.3987,32.2887,32.1787,32.069,31.9594,31.8499,31.7405,31.6312,31.522,31.4129,31.3038,31.1948,31.0858,30.9767,30.8677,30.7587,30.6497,30.5406,30.4314,30.3221,30.2128,30.1034,29.9938,29.8842,29.7743,29.6644,29.5542,29.4438,29.3333,29.2225,29.1115,29.0002,28.8887,28.7769,28.6648,28.5523,28.4396,28.3265,28.213,28.0992,27.985,27.8703,27.7553,27.6398,27.5238,27.4074,27.2904,27.173,27.055,26.9364,26.8173,26.6976,26.5773,26.4563,26.3347,26.2125,26.0895,25.9658,25.8414,25.7163,25.5903,25.4636,25.3361,25.2076,25.0784,24.9482,24.8171,24.685,24.552,24.418,24.2829,24.1468,24.0096,23.8712,23.7318,23.5911,23.4492,23.3061,23.1617,23.0159,22.8688,22.7204,22.5704,22.4191,22.2661,22.1117,21.9556,21.7979,21.6385,21.4773,21.3143,21.1495,20.9828,20.8141,20.6434,20.4706,20.2956,20.1184,19.9389,19.7571,19.5728,19.3859,19.1965,19.0043,18.8093,18.6114,18.4105,18.2065,17.9992,17.7886,17.5744,17.3566,17.135,16.9094,16.6797,16.4456,16.207,15.9636,15.7152,15.4616,15.2025,14.9376,14.6664,14.3888,14.1042,13.8123,13.5125,13.2043,12.887,12.56,12.2224,11.8734,11.5119,11.1365,10.746,10.3385,9.91185,9.46354,8.99024,8.48778,7.95058,7.37103,6.73817,6.03522,5.23398,4.27954,3.03035,0\right]
v_{final}=\left[0,3.03381,4.28442,5.23997,6.04215,6.74591,7.37951,7.95975,8.49758,9.00065,9.4745,9.92336,10.3505,10.7585,11.1495,11.5253,11.8873,12.2367,12.5747,12.9021,13.2197,13.5283,13.8285,14.1208,14.4057,14.6837,14.9552,15.2204,15.4799,15.7338,15.9825,16.2261,16.465,16.6994,16.9294,17.1552,17.3771,17.5952,17.8096,18.0205,18.228,18.4323,18.6334,18.8315,19.0267,19.2191,19.4087,19.5958,19.7803,19.9623,20.142,20.3193,20.4945,20.6674,20.8383,21.0072,21.1741,21.339,21.5021,21.6634,21.823,21.9808,22.137,22.2916,22.4446,22.5961,22.7461,22.8947,23.0419,23.1877,23.3322,23.4754,23.6173,23.758,23.8976,24.036,24.1732,24.3094,24.4445,24.5786,24.7116,24.8437,24.9748,25.105,25.2343,25.3627,25.4902,25.6169,25.7429,25.868,25.9924,26.116,26.2389,26.3611,26.4827,26.6035,26.7238,26.8434,26.9625,27.0809,27.1988,27.3162,27.433,27.5494,27.6652,27.7806,27.8955,28.01,28.1241,28.2378,28.3511,28.464,28.5766,28.6889,28.8008,28.9124,29.0238,29.1348,29.2456,29.3562,29.4665,29.5767,29.6866,29.7963,29.9059,30.0153,30.1246,30.2338,30.3428,30.4518,30.5606,30.6694,30.7782,30.8869,30.9956,31.1042,31.2129,31.3216,31.4303,31.5391,31.6479,31.7568,31.8658,31.9749,32.0841,32.1934,32.3029,32.4125,32.5224,32.6324,32.7425,32.853,32.9636,33.0745,33.1857,33.2971,33.4088,33.5208,33.6332,33.7459,33.8589,33.9723,34.0861,34.2003,34.3149,34.43,34.5455,34.6615,34.7779,34.8949,35.0124,35.1304,35.249,35.3682,35.4879,35.6083,35.7293,35.851,35.9734,36.0965,36.2202,36.3448,36.4701,36.5961,36.723,36.8508,36.9794,37.1089,37.2393,37.3706,37.503,37.6363,37.7706,37.9061,38.0426,38.1802,38.319,38.4589,38.6001,38.7426,38.8864,39.0315,39.178,39.3259,39.4752,39.6261,39.7786,39.9326,40.0883,40.2458,40.4049,40.566,40.7289,40.8937,41.0606,41.2296,41.4007,41.574,41.7497,41.9277,42.1082,42.2914,42.4771,42.6657,42.8572,43.0516,43.2492,43.45,43.6542,43.862,44.0734,44.2887,44.5081,44.7316,44.9596,45.1923,45.4298,45.6724,45.9205,46.1743,46.4341,46.7002,46.9731,47.2532,47.5409,47.8368,48.1413,48.4552,48.779,49.1024,49.4187,49.7283,50.0312,50.3278,50.6182,50.9027,51.1814,51.4545,51.7222,51.9846,52.242,52.4943,52.7419,52.9848,53.2231,53.457,53.6866,53.8554,53.6712,53.4861,53.3,53.1129,52.9249,52.7359,52.546,52.3557,52.165,51.974,51.7825,51.5907,51.3985,51.2059,51.0128,50.8194,50.6255,50.4312,50.2365,50.0414,49.8458,49.6497,49.4532,49.2563,49.0588,48.8609,48.6625,48.4637,48.2643,48.0644,47.864,47.6631,47.4617,47.2597,47.0572,46.8541,46.6505,46.4463,46.2416,46.0362,45.8303,45.6238,45.4166,45.2088,45.0004,44.7914,44.5817,44.3713,44.1603,43.9486,43.7377,43.5305,43.3269,43.1265,42.9294,42.7354,42.5443,42.3562,42.1707,41.988,41.8077,41.63,41.4546,41.2815,41.1106,40.9419,40.7752,40.6106,40.4478,40.287,40.1279,39.9706,39.815,39.6611,39.5087,39.3579,39.2086,39.0608,38.9144,38.7693,38.6256,38.4831,38.342,38.202,38.0632,37.9256,37.7891,37.6536,37.5193,37.3859,37.2535,37.1221,36.9917,36.8621,36.7334,36.6056,36.4786,36.3525,36.2271,36.1025,35.9786,35.8554,35.7329,35.6111,35.49,35.3695,35.2496,35.1302,35.0115,34.8933,34.7757,34.6586,34.5419,34.4258,34.3101,34.1949,34.0801,33.9657,33.8517,33.7381,33.6248,33.5119,33.3994,33.2871,33.1752,33.0635,32.9521,32.841,32.7301,32.6194,32.509,32.3987,32.2887,32.1787,32.069,31.9594,31.8499,31.7405,31.6312,31.522,31.4129,31.3038,31.1948,31.0858,30.9767,30.8677,30.7587,30.6497,30.5406,30.4314,30.3221,30.2128,30.1034,29.9938,29.8842,29.7743,29.6644,29.5542,29.4438,29.3333,29.2225,29.1115,29.0002,28.8887,28.7769,28.6648,28.5523,28.4396,28.3265,28.213,28.0992,27.985,27.8703,27.7553,27.6398,27.5238,27.4074,27.2904,27.173,27.055,26.9364,26.8173,26.6976,26.5773,26.4563,26.3347,26.2125,26.0895,25.9658,25.8414,25.7163,25.5903,25.4636,25.3361,25.2076,25.0784,24.9482,24.8171,24.685,24.552,24.418,24.2829,24.1468,24.0096,23.8712,23.7318,23.5911,23.4492,23.3061,23.1617,23.0159,22.8688,22.7204,22.5704,22.4191,22.2661,22.1117,21.9556,21.7979,21.6385,21.4773,21.3143,21.1495,20.9828,20.8141,20.6434,20.4706,20.2956,20.1184,19.9389,19.7571,19.5728,19.3859,19.1965,19.0043,18.8093,18.6114,18.4105,18.2065,17.9992,17.7886,17.5744,17.3566,17.135,16.9094,16.6797,16.4456,16.207,15.9636,15.7152,15.4616,15.2025,14.9376,14.6664,14.3888,14.1042,13.8123,13.5125,13.2043,12.887,12.56,12.2224,11.8734,11.5119,11.1365,10.746,10.3385,9.91185,9.46354,8.99024,8.48778,7.95058,7.37103,6.73817,6.03522,5.23398,4.27954,3.03035,0\right]
l_{times}=\left[0,0.0659237,0.0932527,0.114251,0.131979,0.147618,0.161777,0.174815,0.186968,0.198398,0.209223,0.219534,0.229399,0.238873,0.248002,0.256823,0.265365,0.273656,0.281716,0.289567,0.297223,0.3047,0.312011,0.319167,0.326178,0.333053,0.339801,0.346429,0.352944,0.359351,0.365657,0.371866,0.377984,0.384015,0.389962,0.39583,0.401622,0.40734,0.412989,0.418571,0.424089,0.429544,0.43494,0.440278,0.445561,0.450791,0.455968,0.461096,0.466175,0.471207,0.476194,0.481137,0.486038,0.490897,0.495715,0.500495,0.505236,0.50994,0.514609,0.519242,0.523841,0.528407,0.53294,0.537442,0.541913,0.546353,0.550764,0.555146,0.5595,0.563826,0.568125,0.572398,0.576645,0.580867,0.585064,0.589236,0.593385,0.59751,0.601612,0.605692,0.609749,0.613785,0.6178,0.621793,0.625766,0.629719,0.633652,0.637565,0.64146,0.645335,0.649191,0.653029,0.656849,0.660652,0.664436,0.668204,0.671954,0.675688,0.679405,0.683106,0.68679,0.690459,0.694112,0.69775,0.701372,0.704979,0.708571,0.712149,0.715712,0.71926,0.722794,0.726315,0.729821,0.733313,0.736792,0.740258,0.74371,0.747149,0.750574,0.753987,0.757387,0.760775,0.764149,0.767512,0.770862,0.774199,0.777525,0.780838,0.78414,0.78743,0.790708,0.793974,0.797229,0.800472,0.803704,0.806925,0.810134,0.813333,0.81652,0.819696,0.822861,0.826015,0.829159,0.832292,0.835414,0.838525,0.841626,0.844717,0.847797,0.850866,0.853926,0.856975,0.860014,0.863042,0.86606,0.869069,0.872067,0.875055,0.878033,0.881002,0.88396,0.886909,0.889847,0.892776,0.895695,0.898604,0.901504,0.904394,0.907274,0.910145,0.913006,0.915857,0.918699,0.921531,0.924353,0.927167,0.92997,0.932764,0.935549,0.938324,0.941089,0.943846,0.946592,0.949329,0.952057,0.954776,0.957485,0.960184,0.962874,0.965555,0.968226,0.970888,0.97354,0.976183,0.978816,0.98144,0.984054,0.986659,0.989255,0.99184,0.994417,0.996984,0.999541,1.00209,1.00463,1.00716,1.00967,1.01218,1.01468,1.01717,1.01965,1.02212,1.02458,1.02703,1.02947,1.0319,1.03432,1.03673,1.03913,1.04152,1.0439,1.04627,1.04863,1.05098,1.05332,1.05565,1.05797,1.06027,1.06257,1.06485,1.06713,1.06939,1.07164,1.07389,1.07612,1.07833,1.08054,1.08274,1.08492,1.08709,1.08925,1.0914,1.09353,1.09566,1.09777,1.09986,1.10195,1.10402,1.10607,1.10812,1.11015,1.11216,1.11417,1.11616,1.11814,1.12011,1.12207,1.12402,1.12596,1.12789,1.12981,1.13172,1.13362,1.13551,1.13739,1.13927,1.14113,1.14299,1.14485,1.14672,1.14859,1.15047,1.15236,1.15425,1.15615,1.15806,1.15997,1.16189,1.16382,1.16575,1.1677,1.16964,1.1716,1.17357,1.17554,1.17752,1.1795,1.1815,1.1835,1.18551,1.18753,1.18955,1.19159,1.19363,1.19568,1.19774,1.19981,1.20188,1.20397,1.20606,1.20817,1.21028,1.2124,1.21453,1.21667,1.21881,1.22097,1.22314,1.22532,1.2275,1.2297,1.23191,1.23412,1.23635,1.23859,1.24084,1.2431,1.24537,1.24765,1.24994,1.25224,1.25456,1.25688,1.25921,1.26156,1.26392,1.26628,1.26866,1.27104,1.27344,1.27585,1.27827,1.28069,1.28313,1.28558,1.28804,1.2905,1.29298,1.29547,1.29796,1.30047,1.30299,1.30551,1.30805,1.3106,1.31315,1.31572,1.31829,1.32087,1.32347,1.32607,1.32868,1.33131,1.33394,1.33658,1.33923,1.34189,1.34456,1.34724,1.34993,1.35263,1.35534,1.35805,1.36078,1.36352,1.36626,1.36902,1.37179,1.37456,1.37734,1.38014,1.38294,1.38575,1.38858,1.39141,1.39425,1.3971,1.39996,1.40283,1.40571,1.4086,1.4115,1.41441,1.41733,1.42026,1.4232,1.42615,1.42911,1.43208,1.43506,1.43805,1.44105,1.44405,1.44707,1.4501,1.45314,1.45619,1.45925,1.46233,1.46541,1.4685,1.4716,1.47471,1.47784,1.48097,1.48412,1.48727,1.49044,1.49362,1.49681,1.50001,1.50322,1.50644,1.50967,1.51292,1.51618,1.51944,1.52272,1.52602,1.52932,1.53264,1.53596,1.5393,1.54266,1.54602,1.5494,1.55279,1.55619,1.55961,1.56304,1.56648,1.56993,1.5734,1.57688,1.58038,1.58389,1.58741,1.59095,1.5945,1.59807,1.60165,1.60524,1.60885,1.61248,1.61612,1.61978,1.62345,1.62714,1.63084,1.63456,1.6383,1.64205,1.64582,1.64961,1.65342,1.65724,1.66108,1.66494,1.66882,1.67272,1.67664,1.68058,1.68453,1.68851,1.69251,1.69653,1.70057,1.70463,1.70871,1.71282,1.71695,1.7211,1.72528,1.72948,1.73371,1.73796,1.74224,1.74654,1.75087,1.75523,1.75962,1.76403,1.76848,1.77296,1.77746,1.782,1.78657,1.79118,1.79581,1.80049,1.8052,1.80995,1.81473,1.81955,1.82442,1.82932,1.83427,1.83927,1.8443,1.84939,1.85452,1.85971,1.86494,1.87023,1.87558,1.88098,1.88644,1.89196,1.89755,1.90321,1.90893,1.91473,1.92061,1.92656,1.9326,1.93872,1.94494,1.95125,1.95767,1.96419,1.97083,1.97758,1.98447,1.99149,1.99865,2.00597,2.01346,2.02112,2.02898,2.03705,2.04535,2.0539,2.06273,2.07187,2.08136,2.09124,2.10156,2.1124,2.12384,2.13601,2.14906,2.16323,2.17889,2.19664,2.21766,2.24502,2.31102,\right]
l_{points}=\left[\left(0,0\right),\left(0.0998589,0.00014111\right),\left(0.199717,0.0005655\right),\left(0.299573,0.00127476\right),\left(0.399428,0.00227049\right),\left(0.499278,0.00355429\right),\left(0.599125,0.00512774\right),\left(0.698967,0.00699245\right),\left(0.798803,0.00915002\right),\left(0.898632,0.011602\right),\left(0.998453,0.0143501\right),\left(1.09827,0.0173958\right),\left(1.19807,0.0207408\right),\left(1.29786,0.0243867\right),\left(1.39764,0.0283349\right),\left(1.49741,0.0325872\right),\left(1.59717,0.0371452\right),\left(1.69691,0.0420103\right),\left(1.79664,0.0471843\right),\left(1.89635,0.0526687\right),\left(1.99604,0.058465\right),\left(2.09571,0.0645749\right),\left(2.19536,0.0709999\right),\left(2.295,0.0777417\right),\left(2.39461,0.0848016\right),\left(2.4942,0.0921814\right),\left(2.59376,0.0998826\right),\left(2.6933,0.107907\right),\left(2.79281,0.116255\right),\left(2.8923,0.12493\right),\left(2.99175,0.133932\right),\left(3.09118,0.143263\right),\left(3.19057,0.152924\right),\left(3.28994,0.162918\right),\left(3.38926,0.173245\right),\left(3.48856,0.183907\right),\left(3.58781,0.194905\right),\left(3.68703,0.206242\right),\left(3.78621,0.217917\right),\left(3.88535,0.229934\right),\left(3.98445,0.242292\right),\left(4.0835,0.254995\right),\left(4.18251,0.268042\right),\left(4.28148,0.281435\right),\left(4.38039,0.295177\right),\left(4.47926,0.309267\right),\left(4.57808,0.323708\right),\left(4.67685,0.3385\right),\left(4.77556,0.353645\right),\left(4.87422,0.369145\right),\left(4.97282,0.385\right),\left(5.07137,0.401212\right),\left(5.16985,0.417782\right),\left(5.26828,0.434711\right),\left(5.36664,0.452\right),\left(5.46494,0.469651\right),\left(5.56318,0.487664\right),\left(5.66134,0.506041\right),\left(5.75944,0.524783\right),\left(5.85747,0.543891\right),\left(5.95543,0.563365\right),\left(6.05331,0.583208\right),\left(6.15112,0.603419\right),\left(6.24886,0.624\right),\left(6.34651,0.644952\right),\left(6.44409,0.666275\right),\left(6.54158,0.687971\right),\left(6.63899,0.710041\right),\left(6.73631,0.732484\right),\left(6.83355,0.755302\right),\left(6.9307,0.778496\right),\left(7.02776,0.802067\right),\left(7.12473,0.826014\right),\left(7.22161,0.850339\right),\left(7.31839,0.875043\right),\left(7.41507,0.900125\right),\left(7.51166,0.925587\right),\left(7.60814,0.951428\right),\left(7.70453,0.977651\right),\left(7.80081,1.00425\right),\left(7.89698,1.03124\right),\left(7.99305,1.0586\right),\left(8.08901,1.08635\right),\left(8.18486,1.11448\right),\left(8.28059,1.14299\right),\left(8.37621,1.17189\right),\left(8.47172,1.20117\right),\left(8.56711,1.23083\right),\left(8.66238,1.26087\right),\left(8.75753,1.2913\right),\left(8.85256,1.32211\right),\left(8.94746,1.35331\right),\left(9.04224,1.38488\right),\left(9.13689,1.41684\right),\left(9.23141,1.44919\right),\left(9.3258,1.48191\right),\left(9.42005,1.51502\right),\left(9.51418,1.54851\right),\left(9.60816,1.58238\right),\left(9.70201,1.61664\right),\left(9.79572,1.65127\right),\left(9.88929,1.68628\right),\left(9.98272,1.72168\right),\left(10.076,1.75745\right),\left(10.1691,1.79361\right),\left(10.2621,1.83014\right),\left(10.355,1.86705\right),\left(10.4477,1.90433\right),\left(10.5402,1.94199\right),\left(10.6326,1.98003\right),\left(10.7249,2.01844\right),\left(10.8169,2.05723\right),\left(10.9089,2.09638\right),\left(11.0006,2.13591\right),\left(11.0922,2.17581\right),\left(11.1837,2.21608\right),\left(11.275,2.25672\right),\left(11.3661,2.29773\right),\left(11.4571,2.3391\right),\left(11.5478,2.38083\right),\left(11.6385,2.42293\right),\left(11.7289,2.46539\right),\left(11.8192,2.50822\right),\left(11.9093,2.5514\right),\left(11.9993,2.59494\right),\left(12.0891,2.63883\right),\left(12.1787,2.68309\right),\left(12.2681,2.72769\right),\left(12.3573,2.77265\right),\left(12.4464,2.81795\right),\left(12.5353,2.86361\right),\left(12.624,2.90961\right),\left(12.7126,2.95596\right),\left(12.8009,3.00265\right),\left(12.8891,3.04968\right),\left(12.9771,3.09706\right),\left(13.0649,3.14477\right),\left(13.1526,3.19281\right),\left(13.24,3.24119\right),\left(13.3273,3.2899\right),\left(13.4144,3.33894\right),\left(13.5013,3.38831\right),\left(13.588,3.43801\right),\left(13.6746,3.48803\right),\left(13.7609,3.53837\right),\left(13.8471,3.58903\right),\left(13.933,3.64001\right),\left(14.0188,3.6913\right),\left(14.1044,3.7429\right),\left(14.1898,3.79482\right),\left(14.2751,3.84704\right),\left(14.3601,3.89957\right),\left(14.445,3.95241\right),\left(14.5296,4.00554\right),\left(14.6141,4.05898\right),\left(14.6984,4.11271\right),\left(14.7825,4.16673\right),\left(14.8664,4.22105\right),\left(14.9502,4.27565\right),\left(15.0337,4.33054\right),\left(15.1171,4.38572\right),\left(15.2002,4.44118\right),\left(15.2832,4.49692\right),\left(15.366,4.55293\right),\left(15.4486,4.60922\right),\left(15.5311,4.66578\right),\left(15.6133,4.72261\right),\left(15.6954,4.7797\right),\left(15.7773,4.83706\right),\left(15.859,4.89468\right),\left(15.9405,4.95256\right),\left(16.0218,5.0107\right),\left(16.103,5.06909\right),\left(16.1839,5.12773\right),\left(16.2647,5.18661\right),\left(16.3453,5.24575\right),\left(16.4258,5.30512\right),\left(16.506,5.36474\right),\left(16.5861,5.42459\right),\left(16.666,5.48468\right),\left(16.7458,5.545\right),\left(16.8253,5.60555\right),\left(16.9047,5.66633\right),\left(16.9839,5.72733\right),\left(17.063,5.78855\right),\left(17.1418,5.85\right),\left(17.2206,5.91165\right),\left(17.2991,5.97352\right),\left(17.3775,6.03561\right),\left(17.4557,6.0979\right),\left(17.5337,6.16039\right),\left(17.6116,6.22309\right),\left(17.6893,6.28598\right),\left(17.7669,6.34908\right),\left(17.8443,6.41237\right),\left(17.9216,6.47585\right),\left(17.9987,6.53952\right),\left(18.0756,6.60338\right),\left(18.1524,6.66742\right),\left(18.229,6.73164\right),\left(18.3055,6.79604\right),\left(18.3819,6.86062\right),\left(18.458,6.92537\right),\left(18.5341,6.99029\right),\left(18.61,7.05538\right),\left(18.6858,7.12063\right),\left(18.7614,7.18605\right),\left(18.8369,7.25163\right),\left(18.9122,7.31736\right),\left(18.9874,7.38325\right),\left(19.0625,7.44929\right),\left(19.1375,7.51549\right),\left(19.2123,7.58183\right),\left(19.287,7.64831\right),\left(19.3615,7.71493\right),\left(19.436,7.7817\right),\left(19.5103,7.8486\right),\left(19.5845,7.91564\right),\left(19.6586,7.98281\right),\left(19.7325,8.05011\right),\left(19.8064,8.11753\right),\left(19.8801,8.18508\right),\left(19.9537,8.25275\right),\left(20.0272,8.32054\right),\left(20.1007,8.38845\right),\left(20.1739,8.45647\right),\left(20.2471,8.5246\right),\left(20.3202,8.59284\right),\left(20.3932,8.66119\right),\left(20.4661,8.72965\right),\left(20.5389,8.7982\right),\left(20.6116,8.86686\right),\left(20.6842,8.93561\right),\left(20.7568,9.00445\right),\left(20.8292,9.07339\right),\left(20.9016,9.14242\right),\left(20.9738,9.21154\right),\left(21.046,9.28074\right),\left(21.1181,9.35002\right),\left(21.1901,9.41939\right),\left(21.2621,9.48883\right),\left(21.334,9.55835\right),\left(21.4058,9.62794\right),\left(21.4775,9.6976\right),\left(21.5492,9.76733\right),\left(21.6208,9.83712\right),\left(21.6924,9.90698\right),\left(21.7639,9.9769\right),\left(21.8353,10.0469\right),\left(21.9067,10.1169\right),\left(21.978,10.187\right),\left(22.0493,10.2572\right),\left(22.1205,10.3273\right),\left(22.1917,10.3976\right),\left(22.2628,10.4679\right),\left(22.3339,10.5382\right),\left(22.405,10.6086\right),\left(22.476,10.679\right),\left(22.5469,10.7494\right),\left(22.6179,10.8199\right),\left(22.6888,10.8904\right),\left(22.7597,10.9609\right),\left(22.8305,11.0315\right),\left(22.9014,11.1021\right),\left(22.9722,11.1727\right),\left(23.043,11.2433\right),\left(23.1137,11.314\right),\left(23.1845,11.3847\right),\left(23.2552,11.4553\right),\left(23.326,11.526\right),\left(23.3967,11.5967\right),\left(23.4674,11.6674\right),\left(23.5381,11.7381\right),\left(23.6088,11.8088\right),\left(23.6796,11.8796\right),\left(23.7503,11.9503\right),\left(23.821,12.021\right),\left(23.8917,12.0917\right),\left(23.9624,12.1623\right),\left(24.0332,12.233\right),\left(24.104,12.3037\right),\left(24.1747,12.3743\right),\left(24.2455,12.445\right),\left(24.3163,12.5156\right),\left(24.3872,12.5861\right),\left(24.458,12.6567\right),\left(24.5289,12.7272\right),\left(24.5998,12.7977\right),\left(24.6708,12.8682\right),\left(24.7418,12.9386\right),\left(24.8128,13.009\right),\left(24.8839,13.0794\right),\left(24.955,13.1497\right),\left(25.0261,13.22\right),\left(25.0973,13.2902\right),\left(25.1685,13.3604\right),\left(25.2398,13.4305\right),\left(25.3112,13.5006\right),\left(25.3826,13.5706\right),\left(25.454,13.6406\right),\left(25.5255,13.7105\right),\left(25.5971,13.7803\right),\left(25.6687,13.8501\right),\left(25.7404,13.9198\right),\left(25.8122,13.9895\right),\left(25.884,14.0591\right),\left(25.9559,14.1286\right),\left(26.0279,14.198\right),\left(26.0999,14.2673\right),\left(26.1721,14.3366\right),\left(26.2443,14.4058\right),\left(26.3166,14.4749\right),\left(26.3889,14.5439\right),\left(26.4614,14.6128\right),\left(26.5339,14.6816\right),\left(26.6066,14.7504\right),\left(26.6793,14.819\right),\left(26.7521,14.8875\right),\left(26.8251,14.956\right),\left(26.8981,15.0243\right),\left(26.9712,15.0925\right),\left(27.0444,15.1606\right),\left(27.1178,15.2286\right),\left(27.1912,15.2965\right),\left(27.2647,15.3642\right),\left(27.3384,15.4319\right),\left(27.4122,15.4994\right),\left(27.486,15.5668\right),\left(27.56,15.6341\right),\left(27.6341,15.7012\right),\left(27.7084,15.7682\right),\left(27.7827,15.8351\right),\left(27.8572,15.9018\right),\left(27.9318,15.9684\right),\left(28.0065,16.0349\right),\left(28.0814,16.1012\right),\left(28.1564,16.1674\right),\left(28.2315,16.2334\right),\left(28.3068,16.2992\right),\left(28.3822,16.365\right),\left(28.4577,16.4305\right),\left(28.5334,16.4959\right),\left(28.6092,16.5611\right),\left(28.6851,16.6262\right),\left(28.7612,16.6911\right),\left(28.8375,16.7558\right),\left(28.9139,16.8203\right),\left(28.9904,16.8847\right),\left(29.0671,16.9489\right),\left(29.144,17.0129\right),\left(29.221,17.0767\right),\left(29.2981,17.1404\right),\left(29.3754,17.2038\right),\left(29.4529,17.2671\right),\left(29.5305,17.3301\right),\left(29.6083,17.393\right),\left(29.6863,17.4556\right),\left(29.7644,17.5181\right),\left(29.8426,17.5804\right),\left(29.9211,17.6424\right),\left(29.9997,17.7042\right),\left(30.0785,17.7659\right),\left(30.1574,17.8273\right),\left(30.2365,17.8885\right),\left(30.3158,17.9494\right),\left(30.3953,18.0102\right),\left(30.4749,18.0707\right),\left(30.5547,18.131\right),\left(30.6347,18.191\right),\left(30.7149,18.2508\right),\left(30.7952,18.3104\right),\left(30.8757,18.3698\right),\left(30.9564,18.4289\right),\left(31.0373,18.4877\right),\left(31.1184,18.5463\right),\left(31.1996,18.6047\right),\left(31.281,18.6628\right),\left(31.3627,18.7206\right),\left(31.4444,18.7782\right),\left(31.5264,18.8355\right),\left(31.6086,18.8926\right),\left(31.6909,18.9494\right),\left(31.7735,19.0059\right),\left(31.8562,19.0621\right),\left(31.9391,19.1181\right),\left(32.0222,19.1738\right),\left(32.1055,19.2292\right),\left(32.1889,19.2844\right),\left(32.2726,19.3392\right),\left(32.3564,19.3938\right),\left(32.4405,19.4481\right),\left(32.5247,19.5021\right),\left(32.6091,19.5557\right),\left(32.6937,19.6091\right),\left(32.7785,19.6622\right),\left(32.8634,19.715\right),\left(32.9486,19.7675\right),\left(33.034,19.8197\right),\left(33.1195,19.8716\right),\left(33.2052,19.9231\right),\left(33.2912,19.9744\right),\left(33.3773,20.0253\right),\left(33.4636,20.0759\right),\left(33.5501,20.1262\right),\left(33.6367,20.1762\right),\left(33.7236,20.2259\right),\left(33.8106,20.2752\right),\left(33.8979,20.3242\right),\left(33.9853,20.3729\right),\left(34.0729,20.4212\right),\left(34.1607,20.4692\right),\left(34.2487,20.5169\right),\left(34.3368,20.5642\right),\left(34.4252,20.6112\right),\left(34.5137,20.6578\right),\left(34.6024,20.7041\right),\left(34.6913,20.7501\right),\left(34.7803,20.7957\right),\left(34.8696,20.841\right),\left(34.959,20.8859\right),\left(35.0486,20.9304\right),\left(35.1384,20.9746\right),\left(35.2283,21.0185\right),\left(35.3184,21.062\right),\left(35.4087,21.1051\right),\left(35.4992,21.1479\right),\left(35.5899,21.1903\right),\left(35.6807,21.2323\right),\left(35.7717,21.274\right),\left(35.8628,21.3153\right),\left(35.9541,21.3563\right),\left(36.0456,21.3969\right),\left(36.1372,21.4371\right),\left(36.229,21.4769\right),\left(36.321,21.5164\right),\left(36.4131,21.5555\right),\left(36.5054,21.5942\right),\left(36.5979,21.6326\right),\left(36.6905,21.6705\right),\left(36.7832,21.7081\right),\left(36.8761,21.7454\right),\left(36.9692,21.7822\right),\left(37.0624,21.8187\right),\left(37.1558,21.8548\right),\left(37.2493,21.8905\right),\left(37.3429,21.9258\right),\left(37.4367,21.9608\right),\left(37.5306,21.9953\right),\left(37.6247,22.0295\right),\left(37.7189,22.0633\right),\left(37.8133,22.0967\right),\left(37.9078,22.1298\right),\left(38.0024,22.1624\right),\left(38.0971,22.1947\right),\left(38.192,22.2266\right),\left(38.287,22.2581\right),\left(38.3822,22.2892\right),\left(38.4775,22.3199\right),\left(38.5728,22.3503\right),\left(38.6684,22.3803\right),\left(38.764,22.4098\right),\left(38.8598,22.439\right),\left(38.9556,22.4678\right),\left(39.0516,22.4963\right),\left(39.1477,22.5243\right),\left(39.2439,22.552\right),\left(39.3402,22.5793\right),\left(39.4367,22.6062\right),\left(39.5332,22.6327\right),\left(39.6299,22.6588\right),\left(39.7266,22.6845\right),\left(39.8234,22.7099\right),\left(39.9204,22.7349\right),\left(40.0174,22.7595\right),\left(40.1146,22.7837\right),\left(40.2118,22.8076\right),\left(40.3091,22.8311\right),\left(40.4066,22.8542\right),\left(40.5041,22.8769\right),\left(40.6017,22.8992\right),\left(40.6994,22.9212\right),\left(40.7971,22.9428\right),\left(40.895,22.964\right),\left(40.9929,22.9848\right),\left(41.0909,23.0053\right),\left(41.189,23.0254\right),\left(41.2872,23.0451\right),\left(41.3854,23.0645\right),\left(41.4837,23.0835\right),\left(41.5821,23.1021\right),\left(41.6805,23.1204\right),\left(41.779,23.1383\right),\left(41.8776,23.1558\right),\left(41.9763,23.173\right),\left(42.075,23.1898\right),\left(42.1738,23.2063\right),\left(42.2726,23.2223\right),\left(42.3715,23.2381\right),\left(42.4704,23.2535\right),\left(42.5694,23.2685\right),\left(42.6685,23.2831\right),\left(42.7676,23.2975\right),\left(42.8667,23.3114\right),\left(42.9659,23.325\right),\left(43.0652,23.3383\right),\left(43.1645,23.3512\right),\left(43.2638,23.3638\right),\left(43.3632,23.376\right),\left(43.4626,23.3879\right),\left(43.5621,23.3994\right),\left(43.6616,23.4106\right),\left(43.7612,23.4215\right),\left(43.8607,23.432\right),\left(43.9604,23.4422\right),\left(44.06,23.452\right),\left(44.1597,23.4616\right),\left(44.2594,23.4707\right),\left(44.3592,23.4796\right),\left(44.4589,23.4881\right),\left(44.5587,23.4963\right),\left(44.6586,23.5042\right),\left(44.7584,23.5118\right),\left(44.8583,23.519\right),\left(44.9582,23.5259\right),\left(45.0581,23.5325\right),\left(45.1581,23.5388\right),\left(45.258,23.5447\right),\left(45.358,23.5504\right),\left(45.458,23.5557\right),\left(45.558,23.5607\right),\left(45.658,23.5654\right),\left(45.7581,23.5698\right),\left(45.8581,23.5739\right),\left(45.9582,23.5777\right),\left(46.0583,23.5812\right),\left(46.1584,23.5844\right),\left(46.2585,23.5873\right),\left(46.3586,23.5898\right),\left(46.4587,23.5921\right),\left(46.5588,23.5941\right),\left(46.659,23.5958\right),\left(46.7591,23.5972\right),\left(46.8592,23.5983\right),\left(46.9594,23.5992\right),\left(47.0595,23.5997\right),\left(47.1596,23.6\right),\left(47.2,23.6\right),\right]
l_{headings}=\left[0,0.00282884,0.00567364,0.00853444,0.0114113,0.0143042,0.0172132,0.0201384,0.0230798,0.0260374,0.0290112,0.0320013,0.0350077,0.0380304,0.0410694,0.0441248,0.0471965,0.0502846,0.0533891,0.0565099,0.0596471,0.0628007,0.0659706,0.069157,0.0723596,0.0755787,0.078814,0.0820656,0.0853335,0.0886176,0.0919179,0.0952344,0.0985671,0.101916,0.105281,0.108661,0.112058,0.11547,0.118899,0.122343,0.125802,0.129278,0.132768,0.136275,0.139796,0.143333,0.146884,0.150451,0.154033,0.157629,0.16124,0.164865,0.168505,0.172159,0.175827,0.179509,0.183205,0.186915,0.190638,0.194374,0.198123,0.201885,0.20566,0.209447,0.213247,0.217059,0.220882,0.224717,0.228564,0.232422,0.236291,0.240171,0.244061,0.247961,0.251871,0.255791,0.25972,0.263659,0.267606,0.271562,0.275526,0.279498,0.283478,0.287465,0.29146,0.29546,0.299468,0.303481,0.3075,0.311524,0.315554,0.319588,0.323626,0.327668,0.331714,0.335763,0.339815,0.34387,0.347926,0.351984,0.356044,0.360104,0.364165,0.368226,0.372287,0.376347,0.380405,0.384463,0.388518,0.392571,0.396622,0.400669,0.404712,0.408752,0.412787,0.416817,0.420842,0.424861,0.428874,0.432881,0.43688,0.440872,0.444856,0.448832,0.452799,0.456757,0.460706,0.464645,0.468573,0.47249,0.476396,0.480291,0.484173,0.488043,0.4919,0.495744,0.499574,0.50339,0.507191,0.510978,0.514749,0.518505,0.522244,0.525968,0.529674,0.533363,0.537035,0.540689,0.544324,0.547941,0.551539,0.555117,0.558676,0.562215,0.565734,0.569232,0.572709,0.576164,0.579598,0.58301,0.5864,0.589767,0.593112,0.596433,0.599731,0.603006,0.606256,0.609483,0.612684,0.615862,0.619014,0.622141,0.625242,0.628318,0.631368,0.634392,0.63739,0.640361,0.643305,0.646223,0.649113,0.651976,0.654812,0.65762,0.660399,0.663151,0.665875,0.66857,0.671237,0.673876,0.676485,0.679066,0.681617,0.684139,0.686632,0.689096,0.69153,0.693934,0.696308,0.698653,0.700967,0.703251,0.705505,0.707729,0.709923,0.712086,0.714218,0.71632,0.718391,0.720431,0.722441,0.72442,0.726367,0.728284,0.730169,0.732024,0.733847,0.735639,0.7374,0.739129,0.740827,0.742494,0.744129,0.745732,0.747304,0.748845,0.750354,0.751832,0.753277,0.754691,0.756074,0.757425,0.758744,0.760031,0.761287,0.76251,0.763702,0.764863,0.765991,0.767088,0.768152,0.769185,0.770186,0.771156,0.772093,0.772998,0.773872,0.774714,0.775523,0.776301,0.777047,0.777762,0.778444,0.779094,0.779712,0.780299,0.780853,0.781376,0.781867,0.782326,0.782753,0.783148,0.783511,0.783842,0.784141,0.784408,0.784644,0.784847,0.785019,0.785159,0.785266,0.785342,0.785386,0.785398,0.785378,0.785326,0.785242,0.785127,0.784979,0.784799,0.784588,0.784345,0.784069,0.783762,0.783423,0.783052,0.782649,0.782214,0.781747,0.781248,0.780718,0.780155,0.779561,0.778934,0.778276,0.777586,0.776864,0.77611,0.775324,0.774506,0.773656,0.772775,0.771861,0.770916,0.769939,0.76893,0.767889,0.766816,0.765712,0.764575,0.763407,0.762207,0.760975,0.759712,0.758416,0.757089,0.75573,0.75434,0.752918,0.751464,0.749979,0.748462,0.746913,0.745333,0.743721,0.742078,0.740403,0.738697,0.73696,0.735191,0.733391,0.73156,0.729698,0.727804,0.725879,0.723924,0.721937,0.719919,0.717871,0.715792,0.713682,0.711541,0.70937,0.707169,0.704937,0.702675,0.700382,0.69806,0.695707,0.693325,0.690912,0.68847,0.685999,0.683498,0.680967,0.678408,0.675819,0.673201,0.670555,0.66788,0.665176,0.662444,0.659684,0.656896,0.65408,0.651236,0.648365,0.645467,0.642541,0.639588,0.636609,0.633603,0.630571,0.627512,0.624428,0.621318,0.618183,0.615022,0.611837,0.608627,0.605392,0.602133,0.59885,0.595544,0.592214,0.588861,0.585485,0.582087,0.578667,0.575224,0.57176,0.568275,0.564768,0.561241,0.557694,0.554127,0.55054,0.546933,0.543308,0.539664,0.536002,0.532322,0.528624,0.524909,0.521178,0.51743,0.513665,0.509886,0.506091,0.502281,0.498456,0.494618,0.490766,0.4869,0.483022,0.479131,0.475228,0.471314,0.467388,0.463452,0.459505,0.455548,0.451582,0.447606,0.443622,0.43963,0.43563,0.431622,0.427608,0.423586,0.419559,0.415526,0.411488,0.407445,0.403398,0.399347,0.395291,0.391233,0.387173,0.38311,0.379045,0.374978,0.370911,0.366843,0.362774,0.358706,0.354638,0.350572,0.346506,0.342443,0.338381,0.334322,0.330266,0.326214,0.322165,0.31812,0.314079,0.310043,0.306012,0.301987,0.297967,0.293954,0.289947,0.285947,0.281954,0.277968,0.27399,0.27002,0.266059,0.262106,0.258162,0.254227,0.250302,0.246387,0.242482,0.238587,0.234702,0.230828,0.226966,0.223114,0.219275,0.215447,0.211631,0.207827,0.204035,0.200257,0.196491,0.192738,0.188998,0.185271,0.181559,0.177859,0.174174,0.170503,0.166846,0.163203,0.159575,0.155961,0.152362,0.148778,0.145209,0.141655,0.138116,0.134593,0.131085,0.127592,0.124115,0.120653,0.117208,0.113778,0.110364,0.106966,0.103584,0.100218,0.0968685,0.0935351,0.0902178,0.0869167,0.0836319,0.0803635,0.0771116,0.0738757,0.0706565,0.0674537,0.0642672,0.0610972,0.0579437,0.0548066,0.0516861,0.048582,0.0454942,0.0424229,0.0393682,0.0363298,0.0333079,0.030302,0.0273129,0.0243399,0.0213833,0.018443,0.0155189,0.0126111,0.00971939,0.00684385,0.0039844,0.00114108,6.28319,\right]
running path!
lin/ang/drive_left/drive_right/tv_l/tv_r/av_l/av_r/x/y/theta/tx/ty/ttheta: 0.33521 0.59555 0.00000 0.00000 1.00000 1.00000 0.00017 -0.00017 -0.00002 0.00011 0.00250 0.99845 0.01435 1.66222
lin/ang/drive_left/drive_right/tv_l/tv_r/av_l/av_r/x/y/theta/tx/ty/ttheta: 0.33521 0.59593 0.04776 0.10222 0.34501 0.50141 0.20036 0.17025 -0.00001 0.00005 0.00105 0.99845 0.01435 1.66222
lin/ang/drive_left/drive_right/tv_l/tv_r/av_l/av_r/x/y/theta/tx/ty/ttheta: 0.33521 0.59645 0.44671 0.59778 0.12020 0.21093 0.34150 0.44694 0.00001 -0.00004 -0.00090 0.99845 0.01435 1.66222
lin/ang/drive_left/drive_right/tv_l/tv_r/av_l/av_r/x/y/theta/tx/ty/ttheta: 0.33519 0.60177 0.22951 0.34643 0.18215 0.29009 0.17417 0.27978 0.00018 -0.00096 -0.02116 0.99845 0.01435 1.66222
lin/ang/drive_left/drive_right/tv_l/tv_r/av_l/av_r/x/y/theta/tx/ty/ttheta: 0.34733 0.66771 0.08472 0.12729 0.29302 0.54005 0.16786 0.26506 0.09222 -0.00355 -0.07590 1.09827 0.01740 1.83354
lin/ang/drive_left/drive_right/tv_l/tv_r/av_l/av_r/x/y/theta/tx/ty/ttheta: 0.35905 0.69089 0.15755 0.17419 0.31506 0.55224 0.24039 0.42331 0.18285 0.00133 0.03162 1.19807 0.02074 2.00579
lin/ang/drive_left/drive_right/tv_l/tv_r/av_l/av_r/x/y/theta/tx/ty/ttheta: 0.36812 0.71162 0.22368 0.30256 0.28304 0.50754 0.29022 0.42556 0.29633 0.00685 0.14793 1.29786 0.02439 2.17898
lin/ang/drive_left/drive_right/tv_l/tv_r/av_l/av_r/x/y/theta/tx/ty/ttheta: 0.38797 0.81266 0.27122 0.42143 0.26300 0.58033 0.27825 0.45978 0.49213 -0.01288 0.29894 1.49741 0.03259 2.52816
lin/ang/drive_left/drive_right/tv_l/tv_r/av_l/av_r/x/y/theta/tx/ty/ttheta: 0.40559 0.88261 0.24507 0.42618 0.28916 0.57282 0.25600 0.51161 0.69662 -0.01719 0.50544 1.69691 0.04201 2.88109
lin/ang/drive_left/drive_right/tv_l/tv_r/av_l/av_r/x/y/theta/tx/ty/ttheta: 0.43128 1.01164 0.26625 0.50787 0.29310 0.65440 0.26917 0.51678 0.98892 -0.03907 0.81442 1.99604 0.05847 3.41753
lin/ang/drive_left/drive_right/tv_l/tv_r/av_l/av_r/x/y/theta/tx/ty/ttheta: 0.45649 1.11855 0.34168 0.54072 0.24660 0.66263 0.27686 0.53881 1.26494 -0.06482 1.26994 2.29500 0.07774 3.96240
lin/ang/drive_left/drive_right/tv_l/tv_r/av_l/av_r/x/y/theta/tx/ty/ttheta: 0.47391 1.19413 0.38274 0.58049 0.20883 0.61956 0.24911 0.51642 1.60591 -0.07966 1.83202 2.59376 0.09988 4.51571
lin/ang/drive_left/drive_right/tv_l/tv_r/av_l/av_r/x/y/theta/tx/ty/ttheta: 0.50234 1.29743 0.39636 0.70000 0.23736 0.63755 0.21133 0.57031 1.98249 -0.08376 2.48553 2.99175 0.13393 5.26651
lin/ang/drive_left/drive_right/tv_l/tv_r/av_l/av_r/x/y/theta/tx/ty/ttheta: 0.52566 1.38782 0.34795 0.74603 0.25278 0.53984 0.21592 0.57697 2.39219 -0.08490 3.22678 3.38926 0.17324 6.03213
lin/ang/drive_left/drive_right/tv_l/tv_r/av_l/av_r/x/y/theta/tx/ty/ttheta: 0.54649 1.41838 0.46292 0.71296 0.23695 0.52821 0.24094 0.54567 2.80981 -0.06005 4.12424 3.78621 0.21792 6.81240
lin/ang/drive_left/drive_right/tv_l/tv_r/av_l/av_r/x/y/theta/tx/ty/ttheta: 0.57694 1.46617 0.45989 0.75662 0.27644 0.60263 0.23272 0.51247 3.26351 -0.02318 5.18729 4.28148 0.28144 7.80796
lin/ang/drive_left/drive_right/tv_l/tv_r/av_l/av_r/x/y/theta/tx/ty/ttheta: 0.59437 1.42933 0.40781 0.81519 0.31175 0.47201 0.25597 0.56158 3.68450 0.02834 6.31640 4.67685 0.33850 8.62021
lin/ang/drive_left/drive_right/tv_l/tv_r/av_l/av_r/x/y/theta/tx/ty/ttheta: 0.61846 1.44015 0.53726 0.77974 0.27340 0.56801 0.29275 0.49194 4.16908 0.09882 7.46446 5.16985 0.41778 9.65464
lin/ang/drive_left/drive_right/tv_l/tv_r/av_l/av_r/x/y/theta/tx/ty/ttheta: 0.63044 1.36721 0.51716 0.86036 0.28320 0.42783 0.27533 0.52786 4.61968 0.18727 8.65364 5.56318 0.48766 10.49689
lin/ang/drive_left/drive_right/tv_l/tv_r/av_l/av_r/x/y/theta/tx/ty/ttheta: 0.64892 1.34629 0.47135 0.79358 0.32222 0.53013 0.27669 0.44831 5.13016 0.30667 9.79415 6.05331 0.58321 11.56716
lin/ang/drive_left/drive_right/tv_l/tv_r/av_l/av_r/x/y/theta/tx/ty/ttheta: 0.68023 1.37446 0.57292 0.84847 0.32784 0.63409 0.29978 0.49297 5.62985 0.43890 10.95604 6.63899 0.71004 12.87536
lin/ang/drive_left/drive_right/tv_l/tv_r/av_l/av_r/x/y/theta/tx/ty/ttheta: 0.69667 1.38384 0.59172 0.91438 0.26899 0.53533 0.31056 0.57492 6.13502 0.56685 12.04683 7.12473 0.82601 13.98364
lin/ang/drive_left/drive_right/tv_l/tv_r/av_l/av_r/x/y/theta/tx/ty/ttheta: 0.70834 1.39287 0.51587 0.90077 0.29125 0.52561 0.27481 0.54961 6.67606 0.72303 13.09117 7.60814 0.95143 15.10654
lin/ang/drive_left/drive_right/tv_l/tv_r/av_l/av_r/x/y/theta/tx/ty/ttheta: 0.73117 1.45496 0.60707 0.88262 0.28210 0.65064 0.28197 0.51453 7.22191 0.89529 14.15666 8.18486 1.11448 16.47055
lin/ang/drive_left/drive_right/tv_l/tv_r/av_l/av_r/x/y/theta/tx/ty/ttheta: 0.75245 1.51023 0.61312 0.94939 0.27874 0.64085 0.27925 0.60194 7.77187 1.07679 15.28406 8.75753 1.29130 17.84903
lin/ang/drive_left/drive_right/tv_l/tv_r/av_l/av_r/x/y/theta/tx/ty/ttheta: 0.76318 1.50960 0.50312 0.96474 0.38975 0.55818 0.27242 0.62539 8.29134 1.25796 16.41263 9.23141 1.44919 19.00583
lin/ang/drive_left/drive_right/tv_l/tv_r/av_l/av_r/x/y/theta/tx/ty/ttheta: 0.78332 1.56453 0.70821 0.96755 0.31991 0.66017 0.34669 0.56517 8.83401 1.45399 17.58696 9.79572 1.65127 20.39981
lin/ang/drive_left/drive_right/tv_l/tv_r/av_l/av_r/x/y/theta/tx/ty/ttheta: 0.80794 1.64209 0.62047 1.02871 0.36079 0.70137 0.32578 0.61528 9.44072 1.70075 18.83301 10.44768 1.90433 22.02810
lin/ang/drive_left/drive_right/tv_l/tv_r/av_l/av_r/x/y/theta/tx/ty/ttheta: 0.82342 1.64024 0.66823 1.04881 0.36022 0.60633 0.33792 0.65839 10.00125 1.95642 20.08786 11.00063 2.13591 23.41975
lin/ang/drive_left/drive_right/tv_l/tv_r/av_l/av_r/x/y/theta/tx/ty/ttheta: 0.84160 1.60605 0.69438 1.00883 0.39075 0.62987 0.35131 0.61461 10.52220 2.22123 21.40526 11.54785 2.38083 24.80223
lin/ang/drive_left/drive_right/tv_l/tv_r/av_l/av_r/x/y/theta/tx/ty/ttheta: 0.86274 1.61564 0.59583 1.05745 0.46056 0.67516 0.37217 0.60383 11.12678 2.52655 22.80245 12.17866 2.68309 26.39651
lin/ang/drive_left/drive_right/tv_l/tv_r/av_l/av_r/x/y/theta/tx/ty/ttheta: 0.87344 1.57481 0.84609 1.11213 0.34576 0.56878 0.42161 0.63669 11.70679 2.83303 24.15319 12.71257 2.95596 27.74107
lin/ang/drive_left/drive_right/tv_l/tv_r/av_l/av_r/x/y/theta/tx/ty/ttheta: 0.89216 1.61643 0.73847 1.09160 0.36972 0.68424 0.36839 0.58778 12.32349 3.16190 25.41993 13.32731 3.28990 29.27687
lin/ang/drive_left/drive_right/tv_l/tv_r/av_l/av_r/x/y/theta/tx/ty/ttheta: 0.92284 1.69188 0.77240 1.09679 0.40507 0.80277 0.34922 0.63719 12.92868 3.51980 26.63939 14.01883 3.69130 30.97918
lin/ang/drive_left/drive_right/tv_l/tv_r/av_l/av_r/x/y/theta/tx/ty/ttheta: 0.93739 1.71105 0.71145 1.16270 0.40708 0.68407 0.37744 0.71833 13.56462 3.91057 27.80160 14.61412 4.05898 32.41416
lin/ang/drive_left/drive_right/tv_l/tv_r/av_l/av_r/x/y/theta/tx/ty/ttheta: 0.95527 1.70927 0.83593 1.13569 0.39005 0.71471 0.39922 0.67758 14.16359 4.29962 28.98592 15.20024 4.44118 33.79118
lin/ang/drive_left/drive_right/tv_l/tv_r/av_l/av_r/x/y/theta/tx/ty/ttheta: 0.98426 1.72954 0.69006 1.21414 0.53591 0.77603 0.38756 0.69094 14.77247 4.70526 30.23865 15.85896 4.89468 35.28627
lin/ang/drive_left/drive_right/tv_l/tv_r/av_l/av_r/x/y/theta/tx/ty/ttheta: 1.00242 1.67463 0.89882 1.19144 0.46612 0.69938 0.46558 0.71867 15.36191 5.12381 31.47601 16.42577 5.30512 36.51975
lin/ang/drive_left/drive_right/tv_l/tv_r/av_l/av_r/x/y/theta/tx/ty/ttheta: 1.02925 1.64433 0.79595 1.20030 0.55414 0.77702 0.47242 0.69656 15.98507 5.58164 32.70113 17.06297 5.78855 37.83810
lin/ang/drive_left/drive_right/tv_l/tv_r/av_l/av_r/x/y/theta/tx/ty/ttheta: 1.05772 1.60515 0.96971 1.25563 0.51925 0.77803 0.50664 0.72450 16.59692 6.05034 33.85114 17.68934 6.28598 39.05378
lin/ang/drive_left/drive_right/tv_l/tv_r/av_l/av_r/x/y/theta/tx/ty/ttheta: 1.08675 1.54805 0.95329 1.29518 0.55479 0.76783 0.50856 0.75544 17.21089 6.53667 34.96240 18.30552 6.79604 40.16245
lin/ang/drive_left/drive_right/tv_l/tv_r/av_l/av_r/x/y/theta/tx/ty/ttheta: 1.11304 1.47441 0.78796 1.24785 0.68074 0.78462 0.52942 0.73492 17.85936 7.06326 36.02704 18.91223 7.31736 41.16078
lin/ang/drive_left/drive_right/tv_l/tv_r/av_l/av_r/x/y/theta/tx/ty/ttheta: 1.15239 1.40733 1.10370 1.28481 0.63494 0.86927 0.60981 0.74022 18.53380 7.61737 37.09379 19.58450 7.91564 42.14901
lin/ang/drive_left/drive_right/tv_l/tv_r/av_l/av_r/x/y/theta/tx/ty/ttheta: 1.19891 1.39573 1.11429 1.33840 0.64338 0.95744 0.62642 0.78694 19.21486 8.12352 38.07809 20.24714 8.52460 42.99213
lin/ang/drive_left/drive_right/tv_l/tv_r/av_l/av_r/x/y/theta/tx/ty/ttheta: 1.24815 1.29026 0.86965 1.30339 0.90029 0.97022 0.62867 0.77700 19.88683 8.71360 38.95300 20.90155 9.14242 43.68863
lin/ang/drive_left/drive_right/tv_l/tv_r/av_l/av_r/x/y/theta/tx/ty/ttheta: 1.29716 1.15691 1.33149 1.28675 0.76685 1.00000 0.74997 0.70756 20.50343 9.26841 39.73104 21.47754 9.69760 44.18396
lin/ang/drive_left/drive_right/tv_l/tv_r/av_l/av_r/x/y/theta/tx/ty/ttheta: 1.37769 1.01706 1.24915 1.38724 0.99001 1.00000 0.72703 0.78694 21.22090 9.91907 40.45055 22.19168 10.39759 44.63880
lin/ang/drive_left/drive_right/tv_l/tv_r/av_l/av_r/x/y/theta/tx/ty/ttheta: 1.44442 0.84330 1.38703 1.45294 0.97585 1.00000 0.79444 0.87761 21.95999 10.59773 41.02331 22.90137 11.10210 44.91083
lin/ang/drive_left/drive_right/tv_l/tv_r/av_l/av_r/x/y/theta/tx/ty/ttheta: 1.43679 0.60551 1.08728 1.49768 0.89574 0.62660 0.73594 0.90006 22.69444 11.29210 41.47487 23.60884 11.80884 44.99998
lin/ang/drive_left/drive_right/tv_l/tv_r/av_l/av_r/x/y/theta/tx/ty/ttheta: 1.38608 0.32061 1.10910 1.38400 0.76972 0.36181 0.75511 0.72225 23.42519 12.00265 41.85636 24.31634 12.51556 44.90626
lin/ang/drive_left/drive_right/tv_l/tv_r/av_l/av_r/x/y/theta/tx/ty/ttheta: 1.33559 0.00618 1.41275 1.27854 0.59339 0.31117 0.74894 0.53111 24.18567 12.73063 42.18541 25.09731 13.29021 44.59193
lin/ang/drive_left/drive_right/tv_l/tv_r/av_l/av_r/x/y/theta/tx/ty/ttheta: 1.28217 -0.31631 1.32090 1.09722 0.59350 0.30640 0.64847 0.41817 24.90706 13.45832 42.33173 25.81217 13.98948 44.11424
lin/ang/drive_left/drive_right/tv_l/tv_r/av_l/av_r/x/y/theta/tx/ty/ttheta: 1.22078 -0.64571 1.34575 0.97165 0.53659 0.25071 0.59597 0.35094 25.71792 14.25608 42.29337 26.60658 14.75035 43.37801
lin/ang/drive_left/drive_right/tv_l/tv_r/av_l/av_r/x/y/theta/tx/ty/ttheta: 1.17066 -0.97007 1.34186 1.13461 0.57128 0.06758 0.55883 0.34889 26.47219 14.97189 42.14747 27.41215 15.49941 42.42199
lin/ang/drive_left/drive_right/tv_l/tv_r/av_l/av_r/x/y/theta/tx/ty/ttheta: 1.12442 -1.26417 1.29885 0.99089 0.58554 0.06899 0.56125 0.20294 27.22197 15.67492 41.82590 28.15640 16.16738 41.36395
lin/ang/drive_left/drive_right/tv_l/tv_r/av_l/av_r/x/y/theta/tx/ty/ttheta: 1.08505 -1.49931 1.16573 0.79639 0.65536 0.17788 0.57322 0.10781 27.97516 16.34355 41.20456 28.91389 16.82032 40.12894
lin/ang/drive_left/drive_right/tv_l/tv_r/av_l/av_r/x/y/theta/tx/ty/ttheta: 1.05084 -1.66592 1.36693 0.82556 0.53890 0.19124 0.61856 0.18308 28.67623 16.95012 40.33179 29.60831 17.39298 38.86991
lin/ang/drive_left/drive_right/tv_l/tv_r/av_l/av_r/x/y/theta/tx/ty/ttheta: 0.55527 -1.13483 0.65375 0.50290 0.31815 0.09907 0.30731 0.16528 42.31896 24.04924 4.19217 43.46264 23.38788 6.71551
lin/ang/drive_left/drive_right/tv_l/tv_r/av_l/av_r/x/y/theta/tx/ty/ttheta: 0.52680 -1.06812 0.57638 0.46011 0.27133 0.09757 0.31278 0.13056 42.79183 24.06431 3.57400 43.86074 23.43199 5.93494
lin/ang/drive_left/drive_right/tv_l/tv_r/av_l/av_r/x/y/theta/tx/ty/ttheta: 0.50079 -1.00825 0.60102 0.44909 0.25024 0.08690 0.28197 0.11517 43.22006 24.06869 3.01718 44.25941 23.47074 5.16910
lin/ang/drive_left/drive_right/tv_l/tv_r/av_l/av_r/x/y/theta/tx/ty/ttheta: 0.47601 -0.97104 0.58135 0.43785 0.24796 0.05750 0.26058 0.10814 43.64074 24.07643 2.43231 44.75841 23.51176 4.23277
lin/ang/drive_left/drive_right/tv_l/tv_r/av_l/av_r/x/y/theta/tx/ty/ttheta: 0.44508 -0.88080 0.48907 0.38836 0.19942 0.06035 0.24536 0.08317 44.06527 24.06559 1.80788 45.15806 23.53876 3.50061
lin/ang/drive_left/drive_right/tv_l/tv_r/av_l/av_r/x/y/theta/tx/ty/ttheta: 0.41452 -0.78173 0.51090 0.36329 0.15131 0.06064 0.21386 0.08158 44.43906 24.05838 1.18408 45.45799 23.55569 2.96139
lin/ang/drive_left/drive_right/tv_l/tv_r/av_l/av_r/x/y/theta/tx/ty/ttheta: 0.38345 -0.68227 0.44736 0.34643 0.13486 0.04633 0.17625 0.08264 44.79162 24.03966 0.54187 45.85814 23.57391 2.25563
lin/ang/drive_left/drive_right/tv_l/tv_r/av_l/av_r/x/y/theta/tx/ty/ttheta: 0.34905 -0.56462 0.31618 0.31423 0.13491 0.03613 0.14903 0.06794 45.13183 24.01970 -0.10484 46.15838 23.58437 1.73618
lin/ang/drive_left/drive_right/tv_l/tv_r/av_l/av_r/x/y/theta/tx/ty/ttheta: 0.31200 -0.44609 0.33239 0.29089 0.07879 0.01338 0.13931 0.05425 45.44564 23.99484 -0.72177 46.45870 23.59213 1.22518
lin/ang/drive_left/drive_right/tv_l/tv_r/av_l/av_r/x/y/theta/tx/ty/ttheta: 0.26868 -0.32148 0.30386 0.25847 0.00360 -0.02392 0.10542 0.03611 45.73737 23.96494 -1.31519 46.75909 23.59723 0.72256
lin/ang/drive_left/drive_right/tv_l/tv_r/av_l/av_r/x/y/theta/tx/ty/ttheta: 0.22655 -0.18004 0.28311 0.21784 -0.08551 -0.01137 0.08400 -0.00497 45.98137 23.93101 -1.89832 46.95937 23.59918 0.39212
lin/ang/drive_left/drive_right/tv_l/tv_r/av_l/av_r/x/y/theta/tx/ty/ttheta: 0.09420 0.01903 0.26777 0.17981 -0.65215 -0.47977 -0.01608 -0.00378 46.21725 23.89987 -2.44347 47.20000 23.60000 360.00000
lin/ang/drive_left/drive_right/tv_l/tv_r/av_l/av_r/x/y/theta/tx/ty/ttheta: 0.07563 0.12893 0.12167 0.17808 -0.10939 -0.02430 -0.27206 -0.23339 46.41421 23.87153 -2.91995 47.20000 23.60000 360.00000
lin/ang/drive_left/drive_right/tv_l/tv_r/av_l/av_r/x/y/theta/tx/ty/ttheta: 0.06256 0.22419 0.00519 0.10352 0.10472 0.13455 0.03817 0.07736 46.55296 23.84982 -3.36258 47.20000 23.60000 360.00000
lin/ang/drive_left/drive_right/tv_l/tv_r/av_l/av_r/x/y/theta/tx/ty/ttheta: 0.06227 0.22290 0.17808 0.20531 0.03194 0.06194 0.10044 0.12456 46.55577 23.84775 -3.33947 47.20000 23.60000 360.00000
lin/ang/drive_left/drive_right/tv_l/tv_r/av_l/av_r/x/y/theta/tx/ty/ttheta: 0.06073 0.19915 0.15495 0.24248 0.02350 -0.00062 0.06006 0.08350 46.57208 23.85362 -3.25476 47.20000 23.60000 360.00000
lin/ang/drive_left/drive_right/tv_l/tv_r/av_l/av_r/x/y/theta/tx/ty/ttheta: 0.05961 0.14739 0.08083 0.12945 0.07116 0.01291 0.03219 0.00408 46.58499 23.87866 -3.15894 47.20000 23.60000 360.00000
lin/ang/drive_left/drive_right/tv_l/tv_r/av_l/av_r/x/y/theta/tx/ty/ttheta: 0.05936 0.12862 0.11411 0.01491 0.04369 0.12291 0.05886 0.00411 46.58772 23.88448 -3.09655 47.20000 23.60000 360.00000
lin/ang/drive_left/drive_right/tv_l/tv_r/av_l/av_r/x/y/theta/tx/ty/ttheta: 0.05905 0.13187 0.11411 0.00821 0.02297 0.15638 0.04517 0.09839 46.59093 23.88367 -3.11059 47.20000 23.60000 360.00000
lin/ang/drive_left/drive_right/tv_l/tv_r/av_l/av_r/x/y/theta/tx/ty/ttheta: 0.05843 0.15716 0.09336 0.06505 0.01014 0.14998 0.02550 0.13758 46.59768 23.87833 -3.21987 47.20000 23.60000 360.00000
lin/ang/drive_left/drive_right/tv_l/tv_r/av_l/av_r/x/y/theta/tx/ty/ttheta: 0.05539 0.15761 0.11238 0.07197 -0.00222 0.11451 0.01283 0.13842 46.62978 23.87643 -3.22182 47.20000 23.60000 360.00000
lin/ang/drive_left/drive_right/tv_l/tv_r/av_l/av_r/x/y/theta/tx/ty/ttheta: 0.05226 0.13173 0.11238 0.05900 0.00388 0.09682 -0.00067 0.11242 46.66257 23.87974 -3.10940 47.20000 23.60000 360.00000
lin/ang/drive_left/drive_right/tv_l/tv_r/av_l/av_r/x/y/theta/tx/ty/ttheta: 0.05030 0.09568 0.00756 0.05360 0.11379 0.09301 -0.00156 0.09036 46.68292 23.88581 -2.95237 47.20000 23.60000 360.00000
lin/ang/drive_left/drive_right/tv_l/tv_r/av_l/av_r/x/y/theta/tx/ty/ttheta: 0.04803 0.06836 0.00778 0.04409 0.12108 0.09672 0.08489 0.08658 46.70662 23.89005 -2.83307 47.20000 23.60000 360.00000
lin/ang/drive_left/drive_right/tv_l/tv_r/av_l/av_r/x/y/theta/tx/ty/ttheta: 0.04502 0.05750 0.12989 0.04430 0.04513 0.10026 0.11464 0.08658 46.73810 23.88954 -2.77608 47.20000 23.60000 360.00000
lin/ang/drive_left/drive_right/tv_l/tv_r/av_l/av_r/x/y/theta/tx/ty/ttheta: 0.04213 0.05637 0.15150 0.04279 0.00708 0.10493 0.06364 0.09514 46.76861 23.88829 -2.77113 47.20000 23.60000 360.00000
lin/ang/drive_left/drive_right/tv_l/tv_r/av_l/av_r/x/y/theta/tx/ty/ttheta: 0.03877 0.07713 0.14869 0.04409 -0.02344 0.11568 0.00906 0.09753 46.80426 23.88236 -2.86266 47.20000 23.60000 360.00000
lin/ang/drive_left/drive_right/tv_l/tv_r/av_l/av_r/x/y/theta/tx/ty/ttheta: 0.03642 0.09063 0.14869 0.03847 -0.02889 0.11880 -0.01714 0.10439 46.82911 23.87839 -2.92236 47.20000 23.60000 360.00000
lin/ang/drive_left/drive_right/tv_l/tv_r/av_l/av_r/x/y/theta/tx/ty/ttheta: 0.03369 0.08434 0.14480 0.04214 -0.03032 0.10071 -0.02208 0.10608 46.85791 23.87819 -2.89442 47.20000 23.60000 360.00000
lin/ang/drive_left/drive_right/tv_l/tv_r/av_l/av_r/x/y/theta/tx/ty/ttheta: 0.03055 0.06262 0.11238 0.04366 -0.01808 0.06727 -0.03100 0.10044 46.89078 23.88096 -2.79778 47.20000 23.60000 360.00000
lin/ang/drive_left/drive_right/tv_l/tv_r/av_l/av_r/x/y/theta/tx/ty/ttheta: 0.02798 0.04547 0.09228 0.04927 -0.01328 0.06346 -0.01486 0.06981 46.91744 23.88104 -2.70297 47.20000 23.60000 360.00000
lin/ang/drive_left/drive_right/tv_l/tv_r/av_l/av_r/x/y/theta/tx/ty/ttheta: 0.02570 0.02684 0.04690 0.04517 0.00981 0.05850 -0.01094 0.05817 46.94136 23.88373 -2.61956 47.20000 23.60000 360.00000
lin/ang/drive_left/drive_right/tv_l/tv_r/av_l/av_r/x/y/theta/tx/ty/ttheta: 0.02427 0.01668 -0.02118 0.04041 0.10753 0.06566 -0.00067 0.05117 46.95633 23.88513 -2.57399 47.20000 23.60000 360.00000
lin/ang/drive_left/drive_right/tv_l/tv_r/av_l/av_r/x/y/theta/tx/ty/ttheta: 0.02283 0.01217 -0.00973 0.04106 0.10824 0.06556 0.07358 0.05561 46.97147 23.88537 -2.55372 47.20000 23.60000 360.00000
lin/ang/drive_left/drive_right/tv_l/tv_r/av_l/av_r/x/y/theta/tx/ty/ttheta: 0.02224 0.01748 0.07867 0.03436 0.05581 0.07808 0.10008 0.05717 46.97757 23.88289 -2.56790 47.20000 23.60000 360.00000
lin/ang/drive_left/drive_right/tv_l/tv_r/av_l/av_r/x/y/theta/tx/ty/ttheta: 0.02195 0.02638 0.15733 0.03436 -0.00229 0.08247 0.06947 0.06586 46.98079 23.88092 -2.60798 47.20000 23.60000 360.00000
lin/ang/drive_left/drive_right/tv_l/tv_r/av_l/av_r/x/y/theta/tx/ty/ttheta: 0.02105 0.04161 0.11497 0.03436 -0.00593 0.08432 0.00839 0.07514 46.99044 23.87736 -2.67660 47.20000 23.60000 360.00000
lin/ang/drive_left/drive_right/tv_l/tv_r/av_l/av_r/x/y/theta/tx/ty/ttheta: 0.01986 0.06425 0.11519 0.03371 -0.01917 0.08920 0.00103 0.07717 47.00326 23.87210 -2.77875 47.20000 23.60000 360.00000
lin/ang/drive_left/drive_right/tv_l/tv_r/av_l/av_r/x/y/theta/tx/ty/ttheta: 0.01898 0.06845 0.10871 0.03652 -0.01386 0.07739 -0.00617 0.07717 47.01258 23.87078 -2.79772 47.20000 23.60000 360.00000
lin/ang/drive_left/drive_right/tv_l/tv_r/av_l/av_r/x/y/theta/tx/ty/ttheta: 0.01784 0.05265 0.10871 0.03847 -0.01208 0.05872 -0.00958 0.07033 47.02443 23.87346 -2.72626 47.20000 23.60000 360.00000
lin/ang/drive_left/drive_right/tv_l/tv_r/av_l/av_r/x/y/theta/tx/ty/ttheta: 0.01702 0.03150 0.09207 0.05619 -0.00732 0.04183 -0.00994 0.05306 47.03283 23.87742 -2.63048 47.20000 23.60000 360.00000
lin/ang/drive_left/drive_right/tv_l/tv_r/av_l/av_r/x/y/theta/tx/ty/ttheta: 0.01617 0.01831 0.01686 0.05619 0.02445 0.03831 -0.00239 0.04278 47.04163 23.87974 -2.57070 47.20000 23.60000 360.00000
lin/ang/drive_left/drive_right/tv_l/tv_r/av_l/av_r/x/y/theta/tx/ty/ttheta: 0.01588 0.01954 0.01686 0.05619 0.02530 0.04591 0.01883 0.03422 47.04466 23.87823 -2.56648 47.20000 23.60000 360.00000
lin/ang/drive_left/drive_right/tv_l/tv_r/av_l/av_r/x/y/theta/tx/ty/ttheta: 0.01586 0.02656 0.11994 0.05619 -0.03262 0.04877 0.02278 0.03850 47.04487 23.87678 -2.59832 47.20000 23.60000 360.00000
lin/ang/drive_left/drive_right/tv_l/tv_r/av_l/av_r/x/y/theta/tx/ty/ttheta: 0.01557 0.03294 0.11994 0.09055 -0.05174 0.02669 -0.01864 0.04003 47.04801 23.87532 -2.62729 47.20000 23.60000 360.00000
lin/ang/drive_left/drive_right/tv_l/tv_r/av_l/av_r/x/y/theta/tx/ty/ttheta: 0.01542 0.03398 0.00908 0.08947 -0.00107 0.01570 -0.04603 0.02500 47.04960 23.87503 -2.63203 47.20000 23.60000 360.00000
lin/ang/drive_left/drive_right/tv_l/tv_r/av_l/av_r/x/y/theta/tx/ty/ttheta: 0.01543 0.03192 -0.04949 0.07888 0.11367 0.01313 -0.02669 0.01183 47.04954 23.87546 -2.62267 47.20000 23.60000 360.00000
lin/ang/drive_left/drive_right/tv_l/tv_r/av_l/av_r/x/y/theta/tx/ty/ttheta: 0.01543 0.03003 -0.04906 0.00000 0.12587 0.08970 0.07617 0.00908 47.04949 23.87585 -2.61410 47.20000 23.60000 360.00000
lin/ang/drive_left/drive_right/tv_l/tv_r/av_l/av_r/x/y/theta/tx/ty/ttheta: 0.01543 0.03119 0.11973 0.00756 0.03737 0.09635 0.11361 0.06178 47.04952 23.87561 -2.61933 47.20000 23.60000 360.00000
lin/ang/drive_left/drive_right/tv_l/tv_r/av_l/av_r/x/y/theta/tx/ty/ttheta: 0.01484 0.03824 0.12902 0.02680 0.00332 0.08833 0.05286 0.08350 47.05581 23.87386 -2.65134 47.20000 23.60000 360.00000
lin/ang/drive_left/drive_right/tv_l/tv_r/av_l/av_r/x/y/theta/tx/ty/ttheta: 0.01249 0.05740 0.13680 0.03652 -0.02824 0.08148 0.00617 0.07869 47.08085 23.86872 -2.73845 47.20000 23.60000 360.00000
lin/ang/drive_left/drive_right/tv_l/tv_r/av_l/av_r/x/y/theta/tx/ty/ttheta: 0.01103 0.05956 0.13680 0.03652 -0.02790 0.07190 -0.01847 0.07819 47.09619 23.86753 -2.74830 47.20000 23.60000 360.00000
lin/ang/drive_left/drive_right/tv_l/tv_r/av_l/av_r/x/y/theta/tx/ty/ttheta: 0.00961 0.04521 0.12729 0.04538 -0.02699 0.05238 -0.02242 0.07050 47.11103 23.86981 -2.68279 47.20000 23.60000 360.00000
lin/ang/drive_left/drive_right/tv_l/tv_r/av_l/av_r/x/y/theta/tx/ty/ttheta: 0.00791 0.03125 0.13356 0.04798 -0.04302 0.04249 -0.02192 0.05322 47.12883 23.87189 -2.61894 47.20000 23.60000 360.00000
lin/ang/drive_left/drive_right/tv_l/tv_r/av_l/av_r/x/y/theta/tx/ty/ttheta: 0.00648 0.02085 0.13356 0.04798 -0.05721 0.03877 -0.03817 0.04258 47.14379 23.87338 -2.57132 47.20000 23.60000 360.00000
lin/ang/drive_left/drive_right/tv_l/tv_r/av_l/av_r/x/y/theta/tx/ty/ttheta: 0.00591 0.01970 6.83184 0.04992 -1.00000 0.04298 -0.04825 0.03319 47.14969 23.87224 -2.55610 47.20000 23.60000 360.00000
lin/ang/drive_left/drive_right/tv_l/tv_r/av_l/av_r/x/y/theta/tx/ty/ttheta: 0.00590 0.02335 -0.35508 0.04366 -0.69342 0.04851 -0.34256 0.03697 47.14980 23.87148 -2.57287 47.20000 23.60000 360.00000
lin/ang/drive_left/drive_right/tv_l/tv_r/av_l/av_r/x/y/theta/tx/ty/ttheta: 0.00560 0.02688 -0.37021 0.04106 0.16242 0.04615 -0.41544 0.03817 47.15304 23.87059 -2.58909 47.20000 23.60000 360.00000
lin/ang/drive_left/drive_right/tv_l/tv_r/av_l/av_r/x/y/theta/tx/ty/ttheta: 0.00512 -0.02693 -0.06181 0.04322 0.17078 -0.00050 0.05322 0.03867 47.15718 23.87954 -2.32319 47.20000 23.60000 360.00000
lin/ang/drive_left/drive_right/tv_l/tv_r/av_l/av_r/x/y/theta/tx/ty/ttheta: 0.00506 -0.10367 0.14437 0.02745 0.09779 -0.17767 0.15061 0.00531 47.15508 23.87385 -1.77642 47.20000 23.60000 360.00000
lin/ang/drive_left/drive_right/tv_l/tv_r/av_l/av_r/x/y/theta/tx/ty/ttheta: 0.00533 -0.16646 0.15171 -0.05230 0.07671 -0.11617 0.09939 -0.11961 47.15049 23.87730 -1.40075 47.20000 23.60000 360.00000
lin/ang/drive_left/drive_right/tv_l/tv_r/av_l/av_r/x/y/theta/tx/ty/ttheta: 0.00531 -0.15617 0.08450 -0.25091 0.04079 0.00673 0.07206 -0.12642 47.15074 23.87403 -1.43807 47.20000 23.60000 360.00000
lin/ang/drive_left/drive_right/tv_l/tv_r/av_l/av_r/x/y/theta/tx/ty/ttheta: 0.00521 -0.09541 0.07737 -0.23470 0.00153 0.07859 0.04586 -0.07392 47.15282 23.86131 -1.71718 47.20000 23.60000 360.00000
lin/ang/drive_left/drive_right/tv_l/tv_r/av_l/av_r/x/y/theta/tx/ty/ttheta: 0.00505 -0.01280 0.07737 -0.21071 -0.03365 0.30800 0.00839 0.04039 47.15556 23.84398 -2.09670 47.20000 23.60000 360.00000
lin/ang/drive_left/drive_right/tv_l/tv_r/av_l/av_r/x/y/theta/tx/ty/ttheta: 0.00490 0.06376 0.05922 0.08407 -0.19300 0.12364 -0.02481 0.21919 47.15800 23.82791 -2.44851 47.20000 23.60000 360.00000
lin/ang/drive_left/drive_right/tv_l/tv_r/av_l/av_r/x/y/theta/tx/ty/ttheta: 0.00482 0.09688 -0.11411 0.38987 -0.07250 -0.03631 -0.13844 0.16803 47.15929 23.82317 -2.62059 47.20000 23.60000 360.00000
lin/ang/drive_left/drive_right/tv_l/tv_r/av_l/av_r/x/y/theta/tx/ty/ttheta: 0.00498 0.08969 -0.22217 0.18499 0.01429 -0.03923 -0.10678 0.00258 47.15751 23.82475 -2.58756 47.20000 23.60000 360.00000
lin/ang/drive_left/drive_right/tv_l/tv_r/av_l/av_r/x/y/theta/tx/ty/ttheta: 0.00510 0.02997 -0.20509 0.06289 0.25140 -0.04557 -0.01606 -0.03286 47.15565 23.83729 -2.31315 47.20000 23.60000 360.00000
lin/ang/drive_left/drive_right/tv_l/tv_r/av_l/av_r/x/y/theta/tx/ty/ttheta: 0.00525 -0.04094 0.00238 -0.03328 0.19017 -0.11692 0.17864 -0.04125 47.15310 23.84995 -1.96752 47.20000 23.60000 360.00000
lin/ang/drive_left/drive_right/tv_l/tv_r/av_l/av_r/x/y/theta/tx/ty/ttheta: 0.00562 -0.06800 0.30732 -0.06138 -0.00096 -0.07094 0.19336 -0.09156 47.14859 23.85141 -1.80464 47.20000 23.60000 360.00000
lin/ang/drive_left/drive_right/tv_l/tv_r/av_l/av_r/x/y/theta/tx/ty/ttheta: 0.00560 -0.05801 0.18759 -0.15971 -0.02558 0.00190 0.02669 -0.08281 47.14880 23.84821 -1.84056 47.20000 23.60000 360.00000
lin/ang/drive_left/drive_right/tv_l/tv_r/av_l/av_r/x/y/theta/tx/ty/ttheta: 0.00547 0.00628 -0.00195 -0.14437 -0.00061 0.23963 -0.02261 -0.01900 47.15116 23.83695 -2.15563 47.20000 23.60000 360.00000
lin/ang/drive_left/drive_right/tv_l/tv_r/av_l/av_r/x/y/theta/tx/ty/ttheta: 0.00530 0.07697 -0.02356 -0.07175 -0.12015 0.21234 -0.01333 0.15708 47.15413 23.82852 -2.53766 47.20000 23.60000 360.00000
lin/ang/drive_left/drive_right/tv_l/tv_r/av_l/av_r/x/y/theta/tx/ty/ttheta: 0.00506 0.12088 -0.02529 0.36632 -0.10586 0.00909 -0.09172 0.20192 47.15703 23.81922 -2.73941 47.20000 23.60000 360.00000
lin/ang/drive_left/drive_right/tv_l/tv_r/av_l/av_r/x/y/theta/tx/ty/ttheta: 0.00506 0.11733 -0.12902 0.29586 -0.03625 -0.04975 -0.10472 0.07067 47.15692 23.81996 -2.72307 47.20000 23.60000 360.00000
lin/ang/drive_left/drive_right/tv_l/tv_r/av_l/av_r/x/y/theta/tx/ty/ttheta: 0.00519 0.05842 -0.13896 0.00086 0.03051 -0.00977 -0.04964 -0.03439 47.15512 23.83234 -2.45244 47.20000 23.60000 360.00000
lin/ang/drive_left/drive_right/tv_l/tv_r/av_l/av_r/x/y/theta/tx/ty/ttheta: 0.00477 -0.02213 -0.09358 -0.03998 0.21280 0.04345 0.01542 -0.02872 47.15863 23.84902 -2.08239 47.20000 23.60000 360.00000
lin/ang/drive_left/drive_right/tv_l/tv_r/av_l/av_r/x/y/theta/tx/ty/ttheta: 0.00486 -0.06237 0.00000 -0.05165 0.15845 -0.08253 0.14803 0.02739 47.15682 23.85315 -1.85880 47.20000 23.60000 360.00000
lin/ang/drive_left/drive_right/tv_l/tv_r/av_l/av_r/x/y/theta/tx/ty/ttheta: 0.00488 -0.06744 0.28009 -0.02096 -0.00466 -0.06866 0.16206 -0.04964 47.15654 23.85322 -1.82667 47.20000 23.60000 360.00000
lin/ang/drive_left/drive_right/tv_l/tv_r/av_l/av_r/x/y/theta/tx/ty/ttheta: 0.00483 -0.04082 0.24162 -0.03890 -0.06246 -0.03779 0.03117 -0.06692 47.15742 23.84764 -1.94898 47.20000 23.60000 360.00000
lin/ang/drive_left/drive_right/tv_l/tv_r/av_l/av_r/x/y/theta/tx/ty/ttheta: 0.00469 0.02390 -0.00108 -0.11130 -0.01063 0.19368 -0.05117 -0.04533 47.15976 23.83615 -2.26523 47.20000 23.60000 360.00000
lin/ang/drive_left/drive_right/tv_l/tv_r/av_l/av_r/x/y/theta/tx/ty/ttheta: 0.00456 0.08643 -0.06916 -0.08364 -0.10233 0.19459 -0.02839 0.11892 47.16172 23.82301 -2.55268 47.20000 23.60000 360.00000
lin/ang/drive_left/drive_right/tv_l/tv_r/av_l/av_r/x/y/theta/tx/ty/ttheta: 0.00450 0.11405 -0.06764 0.29651 -0.07542 0.02264 -0.07836 0.17608 47.16270 23.81831 -2.68957 47.20000 23.60000 360.00000
lin/ang/drive_left/drive_right/tv_l/tv_r/av_l/av_r/x/y/theta/tx/ty/ttheta: 0.00437 0.10568 -0.12924 0.28290 -0.02462 -0.04233 -0.07872 0.06792 47.16401 23.82000 -2.65111 47.20000 23.60000 360.00000
lin/ang/drive_left/drive_right/tv_l/tv_r/av_l/av_r/x/y/theta/tx/ty/ttheta: 0.00392 0.04449 -0.13529 0.15215 0.03526 -0.07334 -0.03542 -0.02497 47.16819 23.83260 -2.36970 47.20000 23.60000 360.00000
lin/ang/drive_left/drive_right/tv_l/tv_r/av_l/av_r/x/y/theta/tx/ty/ttheta: 0.00169 0.12937 -0.20661 0.23211 0.01673 -0.05690 -0.06653 0.01678 47.19289 23.81923 -2.81001 47.20000 23.60000 360.00000
lin/ang/drive_left/drive_right/tv_l/tv_r/av_l/av_r/x/y/theta/tx/ty/ttheta: 0.00198 -0.07967 0.30602 -0.28722 -0.01574 0.01743 0.13756 -0.12203 47.18706 23.85671 -1.78729 47.20000 23.60000 360.00000
WARNING - pros.serial.terminal.terminal:reader - Connection to /dev/ttyACM1 broken - pros-cli version:3.5.6
WARNING - pros.serial.terminal.terminal:stop - Stopping terminal - pros-cli version:3.5.6

[tomas@nixbtw:~/projects/Robotics/current/libs/lyfast]$ lllllllllllllllllllllllllllllllllllllllk^C

[tomas@nixbtw:~/projects/Robotics/current/libs/lyfast]$

