
[tomas@nixbtw:~/projects/Robotics/current/libs/lyfast]$ mu
Not sending analytics for this command.

Compiled src/main.cpp [WARNINGS]
In file included from ./include/blazing/api.hpp:19,
                 from src/main.cpp:2:
./include/blazing/trackers/arc_odom.hpp: In member function 'void blazing::ArcOdomTracker::update()':
./include/blazing/trackers/arc_odom.hpp:318:20: warning: variable 'delta_time' set but not used [-Wunused-but-set-variable]
  318 |         const Time delta_time = deltaTime(last_time);
      |                    ^~~~~~~~~~
In file included from ./include/lyfast/ramsete.hpp:9,
                 from ./include/lyfast/api.hpp:13,
                 from src/main.cpp:6:
./include/lyfast/vel_controller.hpp: In constructor 'blazing::lyfast::DifferentialVelocityController::DifferentialVelocityController(blazing::lyfast::VelocityControllerParams, LinearVelocity, Length, double, bool, std::reference_wrapper<blazing::DifferentialDrivetrain>)':
./include/lyfast/vel_controller.hpp:235:10: warning: 'blazing::lyfast::DifferentialVelocityController::m_prioritize_angular' will be initialized after [-Wreorder]
  235 |     bool m_prioritize_angular = false;
      |          ^~~~~~~~~~~~~~~~~~~~
./include/lyfast/vel_controller.hpp:231:52: warning:   'std::reference_wrapper<blazing::DifferentialDrivetrain> blazing::lyfast::DifferentialVelocityController::drivetrain' [-Wreorder]
  231 |     std::reference_wrapper<DifferentialDrivetrain> drivetrain;
      |                                                    ^~~~~~~~~~
./include/lyfast/vel_controller.hpp:344:5: warning:   when initialized here [-Wreorder]
  344 |     DifferentialVelocityController(
      |     ^~~~~~~~~~~~~~~~~~~~~~~~~~~~~~
./include/lyfast/vel_controller.hpp: In constructor 'blazing::lyfast::DifferentialVelocityController::DifferentialVelocityController(blazing::lyfast::SimpleVelocityControllerParams<LinearVelocity>, LinearVelocity, Length, double, bool, std::reference_wrapper<blazing::DifferentialDrivetrain>)':
./include/lyfast/vel_controller.hpp:235:10: warning: 'blazing::lyfast::DifferentialVelocityController::m_prioritize_angular' will be initialized after [-Wreorder]
  235 |     bool m_prioritize_angular = false;
      |          ^~~~~~~~~~~~~~~~~~~~
./include/lyfast/vel_controller.hpp:231:52: warning:   'std::reference_wrapper<blazing::DifferentialDrivetrain> blazing::lyfast::DifferentialVelocityController::drivetrain' [-Wreorder]
  231 |     std::reference_wrapper<DifferentialDrivetrain> drivetrain;
      |                                                    ^~~~~~~~~~
./include/lyfast/vel_controller.hpp:376:5: warning:   when initialized here [-Wreorder]
  376 |     DifferentialVelocityController(
      |     ^~~~~~~~~~~~~~~~~~~~~~~~~~~~~~
In file included from ./include/api.h:68,
                 from ./include/main.h:37,
                 from src/main.cpp:1:
./include/pros/imu.hpp: At global scope:
./include/pros/imu.hpp:145:30: warning: 'virtual int32_t pros::v5::Imu::reset(bool) const' was hidden [-Woverloaded-virtual=]
  145 |         virtual std::int32_t reset(bool blocking = false) const;
      |                              ^~~~~
src/main.cpp:53:13: note:   by 'int32_t ScaledIMU::reset(bool)'
   53 |     int32_t reset(bool blocking = false) {
      |             ^~~~~
./include/pros/imu.hpp:786:30: warning: 'virtual int32_t pros::v5::Imu::set_rotation(double) const' was hidden [-Woverloaded-virtual=]
  786 |         virtual std::int32_t set_rotation(const double target) const;
      |                              ^~~~~~~~~~~~
src/main.cpp:68:17: note:   by 'virtual int ScaledIMU::set_rotation(double)'
   68 |     virtual int set_rotation(double new_rotation) {
      |                 ^~~~~~~~~~~~
src/main.cpp: In function 'void manual_mp_test()':
src/main.cpp:839:28: warning: unused variable 'desired_target' [-Wunused-variable]
  839 |         DifferentialSpeeds desired_target { .linear_velocity =
      |                            ^~~~~~~~~~~~~~
src/main.cpp:848:24: warning: variable 'curr_lin_vel' set but not used [-Wunused-but-set-variable]
  848 |         LinearVelocity curr_lin_vel = (curr_left_vel + curr_right_vel) / 2.0;
      |                        ^~~~~~~~~~~~
src/main.cpp: In function 'void simple_mp_test()':
src/main.cpp:940:28: warning: unused variable 'desired_target' [-Wunused-variable]
  940 |         DifferentialSpeeds desired_target { .linear_velocity =
      |                            ^~~~~~~~~~~~~~
Adding timestamp [OK]
Linking hot project with ./bin/cold.package.elf and blazing,Eigen,float_units,libc,liblvgl,libm,libpros,lyfast [OK]
Section sizes:
   text    data     bss   total     hex filename
96.52KB 452.00B  46.02MB  46.12MB 2e1c48d bin/hot.package.elf
Creating bin/hot.package.bin for VEX EDR V5 [DONE]
Uploading program "lyfast" (lyfast) to V5 slot 1 on /dev/ttyACM0 (compressed)
Compressing library [####################################] 100%
Library is already onboard V5
Uploading slot_1.ini [####################################] 100%
^C
Aborted.

[tomas@nixbtw:~/projects/Robotics/current/libs/lyfast]$ mu
Not sending analytics for this command.

Compiled src/main.cpp [WARNINGS]
In file included from ./include/blazing/api.hpp:19,
                 from src/main.cpp:2:
./include/blazing/trackers/arc_odom.hpp: In member function 'void blazing::ArcOdomTracker::update()':
./include/blazing/trackers/arc_odom.hpp:318:20: warning: variable 'delta_time' set but not used [-Wunused-but-set-variable]
  318 |         const Time delta_time = deltaTime(last_time);
      |                    ^~~~~~~~~~
In file included from ./include/lyfast/ramsete.hpp:9,
                 from ./include/lyfast/api.hpp:13,
                 from src/main.cpp:6:
./include/lyfast/vel_controller.hpp: In constructor 'blazing::lyfast::DifferentialVelocityController::DifferentialVelocityController(blazing::lyfast::VelocityControllerParams, LinearVelocity, Length, double, bool, std::reference_wrapper<blazing::DifferentialDrivetrain>)':
./include/lyfast/vel_controller.hpp:235:10: warning: 'blazing::lyfast::DifferentialVelocityController::m_prioritize_angular' will be initialized after [-Wreorder]
  235 |     bool m_prioritize_angular = false;
      |          ^~~~~~~~~~~~~~~~~~~~
./include/lyfast/vel_controller.hpp:231:52: warning:   'std::reference_wrapper<blazing::DifferentialDrivetrain> blazing::lyfast::DifferentialVelocityController::drivetrain' [-Wreorder]
  231 |     std::reference_wrapper<DifferentialDrivetrain> drivetrain;
      |                                                    ^~~~~~~~~~
./include/lyfast/vel_controller.hpp:344:5: warning:   when initialized here [-Wreorder]
  344 |     DifferentialVelocityController(
      |     ^~~~~~~~~~~~~~~~~~~~~~~~~~~~~~
./include/lyfast/vel_controller.hpp: In constructor 'blazing::lyfast::DifferentialVelocityController::DifferentialVelocityController(blazing::lyfast::SimpleVelocityControllerParams<LinearVelocity>, LinearVelocity, Length, double, bool, std::reference_wrapper<blazing::DifferentialDrivetrain>)':
./include/lyfast/vel_controller.hpp:235:10: warning: 'blazing::lyfast::DifferentialVelocityController::m_prioritize_angular' will be initialized after [-Wreorder]
  235 |     bool m_prioritize_angular = false;
      |          ^~~~~~~~~~~~~~~~~~~~
./include/lyfast/vel_controller.hpp:231:52: warning:   'std::reference_wrapper<blazing::DifferentialDrivetrain> blazing::lyfast::DifferentialVelocityController::drivetrain' [-Wreorder]
  231 |     std::reference_wrapper<DifferentialDrivetrain> drivetrain;
      |                                                    ^~~~~~~~~~
./include/lyfast/vel_controller.hpp:376:5: warning:   when initialized here [-Wreorder]
  376 |     DifferentialVelocityController(
      |     ^~~~~~~~~~~~~~~~~~~~~~~~~~~~~~
In file included from ./include/api.h:68,
                 from ./include/main.h:37,
                 from src/main.cpp:1:
./include/pros/imu.hpp: At global scope:
./include/pros/imu.hpp:145:30: warning: 'virtual int32_t pros::v5::Imu::reset(bool) const' was hidden [-Woverloaded-virtual=]
  145 |         virtual std::int32_t reset(bool blocking = false) const;
      |                              ^~~~~
src/main.cpp:53:13: note:   by 'int32_t ScaledIMU::reset(bool)'
   53 |     int32_t reset(bool blocking = false) {
      |             ^~~~~
./include/pros/imu.hpp:786:30: warning: 'virtual int32_t pros::v5::Imu::set_rotation(double) const' was hidden [-Woverloaded-virtual=]
  786 |         virtual std::int32_t set_rotation(const double target) const;
      |                              ^~~~~~~~~~~~
src/main.cpp:68:17: note:   by 'virtual int ScaledIMU::set_rotation(double)'
   68 |     virtual int set_rotation(double new_rotation) {
      |                 ^~~~~~~~~~~~
src/main.cpp: In function 'void manual_mp_test()':
src/main.cpp:839:28: warning: unused variable 'desired_target' [-Wunused-variable]
  839 |         DifferentialSpeeds desired_target { .linear_velocity =
      |                            ^~~~~~~~~~~~~~
src/main.cpp:848:24: warning: variable 'curr_lin_vel' set but not used [-Wunused-but-set-variable]
  848 |         LinearVelocity curr_lin_vel = (curr_left_vel + curr_right_vel) / 2.0;
      |                        ^~~~~~~~~~~~
src/main.cpp: In function 'void simple_mp_test()':
src/main.cpp:940:28: warning: unused variable 'desired_target' [-Wunused-variable]
  940 |         DifferentialSpeeds desired_target { .linear_velocity =
      |                            ^~~~~~~~~~~~~~
Adding timestamp [OK]
Linking hot project with ./bin/cold.package.elf and blazing,Eigen,float_units,libc,liblvgl,libm,libpros,lyfast [OK]
Section sizes:
   text    data     bss   total     hex filename
96.52KB 452.00B  46.02MB  46.12MB 2e1c48d bin/hot.package.elf
Creating bin/hot.package.bin for VEX EDR V5 [DONE]
Uploading program "lyfast" (lyfast) to V5 slot 1 on /dev/ttyACM0 (compressed)
Compressing library [####################################] 100%
Library is already onboard V5
Uploading slot_1.ini [####################################] 100%
Compressing binary [####################################] 100%
Uploading slot_1.bin (hot.package.bin) [####################################] 100%
Finished uploading "lyfast" (lyfast) to V5

[tomas@nixbtw:~/projects/Robotics/current/libs/lyfast]$ t

Not sending analytics for this command.

ERROR - pros.cli.common:resolve_v5_port - No v5 ports were found! If you think you have a v5 plugged in, run this command again with the --debug flag - pros-cli version:3.5.6
Sentry is attempting to send 1 pending events
Waiting up to 2 seconds
Press Ctrl-C to quit

[tomas@nixbtw:~/projects/Robotics/current/libs/lyfast]$

[tomas@nixbtw:~/projects/Robotics/current/libs/lyfast]$ t
Not sending analytics for this command.

ERROR - pros.cli.common:resolve_v5_port - No v5 ports were found! If you think you have a v5 plugged in, run this command again with the --debug flag - pros-cli version:3.5.6
Sentry is attempting to send 1 pending events
Waiting up to 2 seconds
Press Ctrl-C to quit

[tomas@nixbtw:~/projects/Robotics/current/libs/lyfast]$ t
Not sending analytics for this command.

ERROR - pros.cli.common:resolve_v5_port - No v5 ports were found! If you think you have a v5 plugged in, run this command again with the --debug flag - pros-cli version:3.5.6
Sentry is attempting to send 1 pending events
Waiting up to 2 seconds
Press Ctrl-C to quit

[tomas@nixbtw:~/projects/Robotics/current/libs/lyfast]$ t
Not sending analytics for this command.

Established terminal connection



         _+=+_
      .-`  .  `-.          8888888b.  8888888b.   .d88888b.   .d8888b.
   _+`     "     `+_       888   Y88b 888   Y88b d88P" "Y88b d88P  Y88b
  \\\sssssssssssss///      888    888 888    888 888     888 Y88b.
     .ss\  *  /ss.         888   d88P 888   d88P 888     888  "Y888b.
 .+bm  .s  *  s.  md+.     8888888P"  8888888P"  888     888     "Y88b.
.hMMMMs .  *  . sMMMMh.    888        888 T88b   888     888       "888
 `\hMMMb \ | / dMMMh:      888        888  T88b  Y88b. .d88P Y88b  d88P
   -SNMNo  -  oNMNs-       888        888   T88b  "Y88888P"   "Y8888P"
     `+dMh\./dMd/
        `:yNy:`                      Powered by PROS for VEX V5
           "                Copyright (c) Purdue University ACM SIGBots
Version:        4.2.1     Platform:  V1.1.5 (b18)     Uptime:    0.000 s
Compiled:   Jan  1 1980 00:00:00     Directory:


total distance: 54.536701
delta_distance: 0.100000
allocated for points 555
adding points:1056
isolated constraints:1471
forwards pass:1779
backwards pass:3927
travel times:3996
final time:4007
a_{kin}=\left[70.8,70.4023,70.0079,69.6169,69.2294,68.8452,68.4645,68.0871,67.7132,67.3428,66.9757,66.6121,66.252,65.8954,65.5422,65.1924,64.8462,64.5034,64.1642,63.8284,63.4962,63.1674,62.8423,62.5206,62.2025,61.8879,61.5769,61.2695,60.9656,60.6653,60.3686,60.0755,59.7861,59.5002,59.218,58.9394,58.6644,58.3931,58.1255,57.8616,57.6013,57.3447,57.0918,56.8427,56.5973,56.3555,56.1176,55.8834,55.653,55.4263,55.2034,54.9844,54.7691,54.5577,54.3501,54.1464,53.9465,53.7505,53.5584,53.3702,53.1859,53.0055,52.829,52.6566,52.4881,52.3235,52.163,52.0065,51.854,51.7056,51.5612,51.4209,51.2847,51.1526,51.0246,50.9008,50.7812,50.6657,50.5545,50.4475,50.3447,50.2462,50.1519,50.062,49.9764,49.8952,49.8183,49.7458,49.6778,49.6142,49.555,49.5004,49.4503,49.4047,49.3638,49.3274,49.2957,49.2686,49.2462,49.2286,49.2157,49.2076,49.2043,49.2059,49.2124,49.2239,49.2403,49.2617,49.2881,49.3197,49.3564,49.3983,49.4454,49.4978,49.5554,49.6185,49.6869,49.7609,49.8403,49.9253,50.016,50.1123,50.2144,50.3222,50.436,50.5557,50.6813,50.8131,50.951,51.095,51.2454,51.4022,51.5653,51.7351,51.9114,52.0944,52.2842,52.4809,52.6846,52.8954,53.1133,53.3385,53.5712,53.8113,54.0591,54.3147,54.5781,54.8495,55.1291,55.4169,55.7132,56.0181,56.3316,56.6541,56.9857,57.3265,57.6766,58.0364,58.406,58.7855,59.1752,59.5754,59.9861,60.4077,60.8405,61.2845,61.7402,62.2077,62.6874,63.1795,63.6844,64.2024,64.7337,65.2788,65.8379,66.4115,67,67.6037,68.2231,68.8586,69.5106,70.1798,70.8664,71.5712,72.2945,73.0372,73.7995,74.5824,75.3863,76.212,77.0602,77.9317,78.8273,79.7478,80.6941,81.6672,82.668,83.6976,84.757,85.8474,86.97,88.1261,89.3171,90.5444,91.8094,93.1139,94.4595,95.8481,97.2814,98.7617,100.291,101.872,103.506,105.198,106.948,108.761,110.639,112.586,114.606,116.703,118.881,121.144,123.498,125.948,128.5,131.16,133.935,136.832,139.86,143.027,146.343,149.82,153.467,157.299,161.329,165.573,170.049,174.775,179.774,185.068,190.686,196.658,203.017,209.803,217.06,224.838,233.197,242.202,251.932,262.478,273.946,286.464,300.182,315.282,331.981,350.55,371.321,394.708,421.241,451.599,486.673,527.654,576.173,634.519,706.013,795.665,911.4,1066.53,1285.31,1617.01,2179.46,3341.86,7161.43,9997.9,5569.28,2948.53,2005.01,1518.96,1222.58,1022.98,879.405,771.173,686.662,618.844,563.22,516.77,477.398,443.602,414.275,388.586,365.898,345.713,327.64,311.363,296.629,283.227,270.984,259.757,249.425,239.884,231.047,222.84,215.197,208.062,201.387,195.128,189.248,183.714,178.496,173.567,168.905,164.489,160.3,156.321,152.536,148.933,145.498,142.219,139.088,136.093,133.227,130.482,127.85,125.324,122.898,120.568,118.326,116.169,114.092,112.09,110.16,108.299,106.502,104.766,103.089,101.468,99.9006,98.3836,96.9151,95.493,94.1153,92.7801,91.4855,90.23,89.0118,87.8295,86.6818,85.5673,84.4847,83.4327,82.4103,81.4165,80.4501,79.5102,78.5959,77.7063,76.8406,75.998,75.1777,74.379,73.6013,72.8438,72.106,71.3872,70.6869,70.0046,69.3396,68.6917,68.0602,67.4446,66.8447,66.2599,65.6898,65.1341,64.5925,64.0644,63.5497,63.048,62.5589,62.0822,61.6175,61.1647,60.7235,60.2935,59.8745,59.4664,59.0688,58.6816,58.3045,57.9373,57.5799,57.2321,56.8936,56.5643,56.244,55.9326,55.6299,55.3357,55.0499,54.7724,54.503,54.2416,53.988,53.7422,53.5039,53.2732,53.0498,52.8337,52.6248,52.423,52.228,52.04,51.8588,51.6842,51.5162,51.3548,51.1998,51.0511,50.9087,50.7725,50.6424,50.5184,50.4004,50.2883,50.1821,50.0817,49.987,49.898,49.8146,49.7368,49.6645,49.5977,49.5363,49.4802,49.4295,49.384,49.3438,49.3087,49.2788,49.254,49.2342,49.2194,49.2097,49.2048,49.2049,49.2098,49.2196,49.2342,49.2535,49.2776,49.3063,49.3398,49.3779,49.4206,49.4679,49.5198,49.5761,49.6371,49.7024,49.7723,49.8465,49.9252,50.0083,50.0957,50.1875,50.2836,50.384,50.4886,50.5976,50.7107,50.8281,50.9497,51.0754,51.2054,51.3394,51.4776,51.6199,51.7663,51.9168,52.0714,52.2299,52.3925,52.5592,52.7298,52.9044,53.083,53.2655,53.452,53.6424,53.8368,54.035,54.2371,54.4431,54.6529,54.8667,55.0842,55.3056,55.5308,55.7598,55.9927,56.2292,56.4696,56.7137,56.9616,57.2132,57.4685,57.7276,57.9904,58.2569,58.5271,58.8009,59.0784,59.3596,59.6445,59.933,60.2251,60.5208,60.8202,61.1232,61.4297,61.7399,62.0537,62.371,62.6919,63.0163,63.3443,63.6759,64.011,64.3496,64.6917,65.0374,65.3865,65.7392,66.0953,66.455,66.8181,67.1847,67.5547,67.9282,68.3051,68.6855,69.0693,69.4566,69.8473,70.2414,70.6389,70.8\right]
a_{turn}=\left[\right]
d_{kin}=\left[87.0849,87.0214,86.9578,86.8942,86.8305,86.7667,86.7029,86.639,86.5752,86.5113,86.4474,86.3835,86.3196,86.2557,86.1919,86.1281,86.0643,86.0006,85.937,85.8735,85.8101,85.7468,85.6836,85.6205,85.5576,85.4948,85.4322,85.3698,85.3076,85.2456,85.1839,85.1223,85.0611,85,84.9393,84.8789,84.8188,84.759,84.6996,84.6405,84.5818,84.5235,84.4656,84.4081,84.3511,84.2945,84.2384,84.1828,84.1277,84.0731,84.0191,83.9656,83.9128,83.8605,83.8088,83.7578,83.7074,83.6577,83.6087,83.5604,83.5128,83.466,83.4199,83.3746,83.3302,83.2865,83.2437,83.2017,83.1607,83.1205,83.0812,83.0429,83.0055,82.9691,82.9337,82.8993,82.8659,82.8335,82.8022,82.772,82.743,82.715,82.6881,82.6624,82.6379,82.6145,82.5923,82.5714,82.5517,82.5332,82.516,82.5001,82.4855,82.4722,82.4602,82.4495,82.4402,82.4322,82.4257,82.4205,82.4167,82.4143,82.4133,82.4138,82.4157,82.4191,82.4239,82.4302,82.438,82.4473,82.458,82.4703,82.4841,82.4994,82.5162,82.5345,82.5544,82.5758,82.5987,82.6232,82.6492,82.6768,82.7059,82.7366,82.7688,82.8026,82.8379,82.8748,82.9132,82.9532,82.9947,83.0378,83.0823,83.1285,83.1762,83.2253,83.2761,83.3283,83.382,83.4373,83.494,83.5523,83.612,83.6732,83.7358,83.8,83.8655,83.9325,84.001,84.0709,84.1421,84.2148,84.2889,84.3643,84.4411,84.5193,84.5988,84.6797,84.7618,84.8453,84.9301,85.0161,85.1035,85.192,85.2818,85.3729,85.4651,85.5586,85.6533,85.7491,85.8461,85.9442,86.0435,86.1439,86.2454,86.348,86.4516,86.5563,86.6621,86.7689,86.8767,86.9856,87.0954,87.2062,87.318,87.4307,87.5444,87.659,87.7745,87.8909,88.0083,88.1264,88.2455,88.3654,88.4861,88.6077,88.73,88.8532,88.9772,89.1019,89.2275,89.3537,89.4808,89.6085,89.737,89.8662,89.9961,90.1268,90.2581,90.39,90.5227,90.656,90.79,90.9246,91.0599,91.1958,91.3323,91.4694,91.6071,91.7455,91.8844,92.024,92.1641,92.3048,92.446,92.5879,92.7303,92.8732,93.0167,93.1608,93.3054,93.4506,93.5963,93.7425,93.8893,94.0366,94.1844,94.3328,94.4816,94.631,94.781,94.9314,95.0824,95.2338,95.3858,95.5383,95.6914,95.8449,95.999,96.1535,96.3086,96.4642,96.6203,96.777,96.9341,97.0918,97.25,97.4087,97.568,97.7278,97.8881,98.0489,98.2102,98.3721,98.5346,98.6975,98.8611,99.0251,99.1897,99.3548,99.5205,99.6868,99.8536,99.979,99.8118,99.6452,99.479,99.3135,99.1485,98.984,98.8201,98.6567,98.4939,98.3316,98.1698,98.0086,97.8479,97.6877,97.5281,97.369,97.2104,97.0523,96.8948,96.7377,96.5812,96.4252,96.2698,96.1148,95.9604,95.8064,95.653,95.5001,95.3477,95.1959,95.0445,94.8937,94.7434,94.5936,94.4443,94.2956,94.1473,93.9996,93.8525,93.7058,93.5597,93.4142,93.2691,93.1246,92.9807,92.8373,92.6945,92.5522,92.4105,92.2694,92.1288,91.9889,91.8495,91.7107,91.5725,91.4349,91.2979,91.1615,91.0258,90.8907,90.7562,90.6224,90.4892,90.3567,90.2248,90.0937,89.9632,89.8335,89.7044,89.5761,89.4485,89.3216,89.1955,89.0702,88.9456,88.8218,88.6988,88.5766,88.4552,88.3347,88.215,88.0961,87.9781,87.861,87.7448,87.6295,87.5151,87.4016,87.2891,87.1775,87.0669,86.9573,86.8486,86.741,86.6344,86.5289,86.4244,86.321,86.2186,86.1174,86.0173,85.9182,85.8203,85.7236,85.628,85.5336,85.4404,85.3484,85.2577,85.1681,85.0798,84.9928,84.907,84.8225,84.7394,84.6575,84.577,84.4977,84.4199,84.3434,84.2683,84.1945,84.1221,84.0512,83.9817,83.9136,83.8469,83.7817,83.7179,83.6556,83.5948,83.5354,83.4775,83.4212,83.3663,83.3129,83.2611,83.2108,83.1619,83.1147,83.0689,83.0248,82.9821,82.941,82.9014,82.8634,82.827,82.7921,82.7587,82.727,82.6967,82.668,82.6409,82.6153,82.5913,82.5688,82.5479,82.5285,82.5106,82.4942,82.4794,82.4661,82.4543,82.444,82.4352,82.4279,82.4221,82.4178,82.4149,82.4135,82.4135,82.415,82.4178,82.4221,82.4278,82.4349,82.4433,82.4532,82.4643,82.4768,82.4906,82.5058,82.5222,82.5399,82.5588,82.5791,82.6005,82.6232,82.647,82.6721,82.6983,82.7256,82.7541,82.7837,82.8144,82.8461,82.879,82.9128,82.9477,82.9837,83.0206,83.0584,83.0972,83.137,83.1776,83.2192,83.2616,83.3049,83.349,83.3939,83.4396,83.4862,83.5334,83.5814,83.6302,83.6796,83.7298,83.7806,83.832,83.8841,83.9368,83.9901,84.0439,84.0983,84.1533,84.2088,84.2648,84.3212,84.3782,84.4356,84.4934,84.5517,84.6103,84.6694,84.7288,84.7886,84.8487,84.9091,84.9699,85.0309,85.0922,85.1538,85.2156,85.2777,85.3399,85.4024,85.4651,85.528,85.591,85.6541,85.7175,85.7809,85.8445,85.9081,85.9719,86.0357,86.0996,86.1636,86.2276,86.2916,86.3557,86.4197,86.4838,86.5479,86.612,86.676,86.74,86.804,86.8679,86.9317,86.9955,87.0592,87.0849\right]
d_{turn}=\left[\right]
v_{kin}=\left[60.9594,60.915,60.8705,60.8259,60.7813,60.7367,60.692,60.6473,60.6026,60.5579,60.5132,60.4684,60.4237,60.379,60.3343,60.2896,60.245,60.2004,60.1559,60.1115,60.0671,60.0227,59.9785,59.9343,59.8903,59.8464,59.8026,59.7589,59.7153,59.6719,59.6287,59.5856,59.5427,59.5,59.4575,59.4152,59.3731,59.3313,59.2897,59.2483,59.2073,59.1664,59.1259,59.0857,59.0457,59.0061,58.9669,58.928,58.8894,58.8512,58.8134,58.776,58.7389,58.7023,58.6662,58.6305,58.5952,58.5604,58.5261,58.4923,58.459,58.4262,58.3939,58.3623,58.3311,58.3006,58.2706,58.2412,58.2125,58.1843,58.1569,58.13,58.1039,58.0784,58.0536,58.0295,58.0061,57.9835,57.9616,57.9404,57.9201,57.9005,57.8817,57.8637,57.8465,57.8302,57.8146,57.8,57.7862,57.7733,57.7612,57.7501,57.7398,57.7305,57.7221,57.7147,57.7081,57.7026,57.698,57.6943,57.6917,57.69,57.6893,57.6897,57.691,57.6934,57.6967,57.7011,57.7066,57.7131,57.7206,57.7292,57.7388,57.7495,57.7613,57.7741,57.7881,57.803,57.8191,57.8362,57.8544,57.8737,57.8941,57.9156,57.9382,57.9618,57.9865,58.0123,58.0392,58.0672,58.0963,58.1264,58.1576,58.1899,58.2233,58.2577,58.2932,58.3298,58.3674,58.4061,58.4458,58.4866,58.5284,58.5712,58.6151,58.66,58.7059,58.7528,58.8007,58.8496,58.8995,58.9504,59.0022,59.055,59.1088,59.1635,59.2192,59.2758,59.3333,59.3917,59.4511,59.5113,59.5724,59.6344,59.6973,59.761,59.8256,59.891,59.9573,60.0244,60.0923,60.161,60.2304,60.3007,60.3718,60.4436,60.5161,60.5894,60.6635,60.7382,60.8137,60.8899,60.9668,61.0444,61.1226,61.2015,61.2811,61.3613,61.4422,61.5237,61.6058,61.6885,61.7718,61.8558,61.9403,62.0254,62.111,62.1973,62.284,62.3714,62.4592,62.5476,62.6365,62.726,62.8159,62.9064,62.9973,63.0887,63.1806,63.273,63.3659,63.4592,63.553,63.6472,63.7419,63.837,63.9326,64.0286,64.125,64.2218,64.3191,64.4168,64.5148,64.6133,64.7122,64.8115,64.9112,65.0113,65.1117,65.2126,65.3138,65.4154,65.5174,65.6198,65.7225,65.8256,65.9291,66.0329,66.1371,66.2417,66.3467,66.452,66.5577,66.6637,66.7701,66.8768,66.984,67.0914,67.1993,67.3075,67.416,67.525,67.6342,67.7439,67.8539,67.9643,68.075,68.1861,68.2976,68.4094,68.5216,68.6342,68.7472,68.8605,68.9742,69.0883,69.2027,69.3176,69.4328,69.5484,69.6644,69.7808,69.8975,69.9853,69.8683,69.7516,69.6353,69.5194,69.4039,69.2888,69.1741,69.0597,68.9457,68.8321,68.7189,68.606,68.4935,68.3814,68.2697,68.1583,68.0473,67.9366,67.8263,67.7164,67.6069,67.4977,67.3888,67.2804,67.1723,67.0645,66.9571,66.8501,66.7434,66.6371,66.5312,66.4256,66.3204,66.2155,66.111,66.0069,65.9031,65.7997,65.6967,65.5941,65.4918,65.3899,65.2884,65.1873,65.0865,64.9861,64.8862,64.7866,64.6874,64.5886,64.4902,64.3922,64.2946,64.1975,64.1007,64.0044,63.9085,63.8131,63.718,63.6235,63.5293,63.4356,63.3424,63.2497,63.1574,63.0656,62.9743,62.8834,62.7931,62.7033,62.6139,62.5251,62.4369,62.3491,62.2619,62.1753,62.0891,62.0036,61.9186,61.8343,61.7505,61.6673,61.5847,61.5027,61.4213,61.3406,61.2605,61.1811,61.1023,61.0242,60.9468,60.8701,60.794,60.7187,60.6441,60.5702,60.4971,60.4247,60.353,60.2822,60.2121,60.1428,60.0742,60.0065,59.9396,59.8735,59.8083,59.7439,59.6804,59.6177,59.5559,59.495,59.4349,59.3758,59.3176,59.2602,59.2039,59.1484,59.0939,59.0404,58.9878,58.9362,58.8855,58.8358,58.7872,58.7395,58.6928,58.6472,58.6025,58.5589,58.5163,58.4748,58.4343,58.3948,58.3564,58.3191,58.2827,58.2475,58.2134,58.1803,58.1483,58.1173,58.0875,58.0587,58.031,58.0044,57.9789,57.9545,57.9311,57.9089,57.8877,57.8676,57.8486,57.8307,57.8139,57.7982,57.7835,57.7699,57.7574,57.746,57.7356,57.7263,57.718,57.7108,57.7047,57.6996,57.6955,57.6924,57.6904,57.6894,57.6894,57.6905,57.6925,57.6955,57.6995,57.7044,57.7103,57.7172,57.725,57.7338,57.7434,57.754,57.7655,57.7779,57.7912,57.8053,57.8203,57.8362,57.8529,57.8704,57.8888,57.9079,57.9279,57.9486,57.9701,57.9923,58.0153,58.039,58.0634,58.0886,58.1144,58.1409,58.168,58.1959,58.2243,58.2534,58.2831,58.3134,58.3443,58.3757,58.4077,58.4403,58.4734,58.507,58.5411,58.5757,58.6108,58.6464,58.6824,58.7188,58.7557,58.793,58.8307,58.8688,58.9073,58.9461,58.9853,59.0249,59.0647,59.1049,59.1454,59.1862,59.2272,59.2686,59.3102,59.352,59.3941,59.4364,59.4789,59.5216,59.5645,59.6077,59.6509,59.6944,59.738,59.7817,59.8256,59.8696,59.9137,59.9579,60.0022,60.0466,60.0911,60.1357,60.1803,60.225,60.2697,60.3145,60.3593,60.4041,60.449,60.4938,60.5387,60.5835,60.6284,60.6732,60.718,60.7628,60.8075,60.8522,60.8969,60.9415,60.9594\right]
v_{turn}=\left[42.48,42.2414,42.0047,41.7702,41.5376,41.3071,41.0787,40.8523,40.6279,40.4057,40.1854,39.9673,39.7512,39.5372,39.3253,39.1154,38.9077,38.7021,38.4985,38.297,38.0977,37.9005,37.7054,37.5124,37.3215,37.1327,36.9461,36.7617,36.5794,36.3992,36.2212,36.0453,35.8716,35.7001,35.5308,35.3636,35.1987,35.0359,34.8753,34.7169,34.5608,34.4068,34.2551,34.1056,33.9584,33.8133,33.6706,33.53,33.3918,33.2558,33.1221,32.9906,32.8615,32.7346,32.6101,32.4878,32.3679,32.2503,32.135,32.0221,31.9115,31.8033,31.6974,31.5939,31.4928,31.3941,31.2978,31.2039,31.1124,31.0233,30.9367,30.8525,30.7708,30.6916,30.6148,30.5405,30.4687,30.3994,30.3327,30.2685,30.2068,30.1477,30.0912,30.0372,29.9859,29.9371,29.891,29.8475,29.8067,29.7685,29.733,29.7002,29.6702,29.6428,29.6183,29.5964,29.5774,29.5611,29.5477,29.5371,29.5294,29.5246,29.5226,29.5236,29.5275,29.5343,29.5442,29.557,29.5729,29.5918,29.6138,29.639,29.6672,29.6987,29.7333,29.7711,29.8122,29.8565,29.9042,29.9552,30.0096,30.0674,30.1286,30.1933,30.2616,30.3334,30.4088,30.4878,30.5706,30.657,30.7473,30.8413,30.9392,31.041,31.1468,31.2567,31.3705,31.4886,31.6108,31.7372,31.868,32.0031,32.1427,32.2868,32.4355,32.5888,32.7468,32.9097,33.0774,33.2501,33.4279,33.6108,33.799,33.9925,34.1914,34.3959,34.606,34.8218,35.0436,35.2713,35.5051,35.7452,35.9917,36.2447,36.5043,36.7707,37.0441,37.3246,37.6124,37.9077,38.2107,38.5214,38.8402,39.1673,39.5028,39.8469,40.2,40.5622,40.9338,41.3151,41.7064,42.1079,42.5199,42.9427,43.3767,43.8223,44.2797,44.7494,45.2318,45.7272,46.2361,46.759,47.2964,47.8487,48.4165,49.0003,49.6008,50.2185,50.8542,51.5084,52.182,52.8757,53.5903,54.3266,55.0857,55.8683,56.6757,57.5088,58.3689,59.257,60.1747,61.1231,62.1039,63.1185,64.1688,65.2565,66.3834,67.5518,68.7638,70.0219,71.3285,72.6865,74.0989,75.5688,77.0999,78.6958,80.3607,82.0991,83.9158,85.8162,87.8061,89.8917,92.0803,94.3793,96.7975,99.344,102.029,104.865,107.864,111.041,114.412,117.995,121.81,125.882,130.236,134.903,139.918,145.321,151.159,157.487,164.368,171.879,180.109,189.169,199.189,210.33,222.792,236.825,252.744,270.959,292.004,316.592,345.704,380.711,423.608,477.399,546.84,639.919,771.185,970.206,1307.67,2005.11,4296.86,30058.6,3341.57,1769.12,1203.01,911.377,733.55,613.787,527.643,462.704,411.997,371.307,337.932,310.062,286.439,266.161,248.565,233.152,219.539,207.428,196.584,186.818,177.977,169.936,162.591,155.854,149.655,143.93,138.628,133.704,129.118,124.837,120.832,117.077,113.549,110.228,107.097,104.14,101.343,98.6936,96.1801,93.7926,91.5219,89.3597,87.2986,85.3317,83.4527,81.6561,79.9364,78.2891,76.7098,75.1944,73.7391,72.3406,70.9956,69.7013,68.455,67.254,66.0962,64.9791,63.9009,62.8597,61.8536,60.881,59.9403,59.0302,58.1491,57.2958,56.4692,55.6681,54.8913,54.138,53.4071,52.6977,52.0091,51.3404,50.6908,50.0596,49.4462,48.8499,48.27,47.7061,47.1575,46.6238,46.1044,45.5988,45.1066,44.6274,44.1608,43.7063,43.2636,42.8323,42.4122,42.0027,41.6038,41.215,40.8361,40.4668,40.1068,39.7559,39.4139,39.0805,38.7555,38.4387,38.1298,37.8288,37.5353,37.2493,36.9705,36.6988,36.4341,36.1761,35.9247,35.6798,35.4413,35.2089,34.9827,34.7624,34.548,34.3393,34.1362,33.9386,33.7464,33.5596,33.3779,33.2014,33.03,32.8635,32.7018,32.545,32.3928,32.2453,32.1024,31.9639,31.8299,31.7002,31.5749,31.4538,31.3368,31.224,31.1153,31.0105,30.9097,30.8129,30.7199,30.6306,30.5452,30.4635,30.3855,30.311,30.2402,30.173,30.1093,30.049,29.9922,29.9388,29.8888,29.8421,29.7987,29.7586,29.7218,29.6881,29.6577,29.6304,29.6063,29.5852,29.5673,29.5524,29.5405,29.5317,29.5258,29.5229,29.5229,29.5259,29.5318,29.5405,29.5521,29.5665,29.5838,29.6039,29.6267,29.6524,29.6807,29.7119,29.7457,29.7822,29.8215,29.8634,29.9079,29.9551,30.005,30.0574,30.1125,30.1702,30.2304,30.2932,30.3585,30.4264,30.4969,30.5698,30.6453,30.7232,30.8037,30.8866,30.972,31.0598,31.1501,31.2428,31.338,31.4355,31.5355,31.6379,31.7426,31.8498,31.9593,32.0712,32.1854,32.3021,32.421,32.5423,32.6659,32.7918,32.92,33.0505,33.1834,33.3185,33.4559,33.5956,33.7375,33.8818,34.0282,34.177,34.3279,34.4811,34.6366,34.7943,34.9541,35.1162,35.2806,35.4471,35.6158,35.7867,35.9598,36.135,36.3125,36.4921,36.6739,36.8579,37.0439,37.2322,37.4226,37.6151,37.8098,38.0066,38.2055,38.4066,38.6098,38.815,39.0224,39.2319,39.4435,39.6572,39.873,40.0909,40.3108,40.5328,40.7569,40.9831,41.2113,41.4416,41.674,41.9084,42.1448,42.3833,42.48\right]
v_{friction}=\left[42.48,42.2414,42.0047,41.7702,41.5376,41.3071,41.0787,40.8523,40.6279,40.4057,40.1854,39.9673,39.7512,39.5372,39.3253,39.1154,38.9077,38.7021,38.4985,38.297,38.0977,37.9005,37.7054,37.5124,37.3215,37.1327,36.9461,36.7617,36.5794,36.3992,36.2212,36.0453,35.8716,35.7001,35.5308,35.3636,35.1987,35.0359,34.8753,34.7169,34.5608,34.4068,34.2551,34.1056,33.9584,33.8133,33.6706,33.53,33.3918,33.2558,33.1221,32.9906,32.8615,32.7346,32.6101,32.4878,32.3679,32.2503,32.135,32.0221,31.9115,31.8033,31.6974,31.5939,31.4928,31.3941,31.2978,31.2039,31.1124,31.0233,30.9367,30.8525,30.7708,30.6916,30.6148,30.5405,30.4687,30.3994,30.3327,30.2685,30.2068,30.1477,30.0912,30.0372,29.9859,29.9371,29.891,29.8475,29.8067,29.7685,29.733,29.7002,29.6702,29.6428,29.6183,29.5964,29.5774,29.5611,29.5477,29.5371,29.5294,29.5246,29.5226,29.5236,29.5275,29.5343,29.5442,29.557,29.5729,29.5918,29.6138,29.639,29.6672,29.6987,29.7333,29.7711,29.8122,29.8565,29.9042,29.9552,30.0096,30.0674,30.1286,30.1933,30.2616,30.3334,30.4088,30.4878,30.5706,30.657,30.7473,30.8413,30.9392,31.041,31.1468,31.2567,31.3705,31.4886,31.6108,31.7372,31.868,32.0031,32.1427,32.2868,32.4355,32.5888,32.7468,32.9097,33.0774,33.2501,33.4279,33.6108,33.799,33.9925,34.1914,34.3959,34.606,34.8218,35.0436,35.2713,35.5051,35.7452,35.9917,36.2447,36.5043,36.7707,37.0441,37.3246,37.6124,37.9077,38.2107,38.5214,38.8402,39.1673,39.5028,39.8469,40.2,40.5622,40.9338,41.3151,41.7064,42.1079,42.5199,42.9427,43.3767,43.8223,44.2797,44.7494,45.2318,45.7272,46.2361,46.759,47.2964,47.8487,48.4165,49.0003,49.6008,50.2185,50.8542,51.5084,52.182,52.8757,53.5903,54.3266,55.0857,55.8683,56.6757,57.5088,58.3689,59.257,60.1747,61.1231,62.1039,63.1185,63.7419,63.837,63.9326,64.0286,64.125,64.2218,64.3191,64.4168,64.5148,64.6133,64.7122,64.8115,64.9112,65.0113,65.1117,65.2126,65.3138,65.4154,65.5174,65.6198,65.7225,65.8256,65.9291,66.0329,66.1371,66.2417,66.3467,66.452,66.5577,66.6637,66.7701,66.8768,66.984,67.0914,67.1993,67.3075,67.416,67.525,67.6342,67.7439,67.8539,67.9643,68.075,68.1861,68.2976,68.4094,68.5216,68.6342,68.7472,68.8605,68.9742,69.0883,69.2027,69.3176,69.4328,69.5484,69.6644,69.7808,69.8975,69.9853,69.8683,69.7516,69.6353,69.5194,69.4039,69.2888,69.1741,69.0597,68.9457,68.8321,68.7189,68.606,68.4935,68.3814,68.2697,68.1583,68.0473,67.9366,67.8263,67.7164,67.6069,67.4977,67.3888,67.2804,67.1723,67.0645,66.9571,66.8501,66.7434,66.6371,66.5312,66.4256,66.3204,66.2155,66.111,66.0069,65.9031,65.7997,65.6967,65.5941,65.4918,65.3899,65.2884,65.1873,65.0865,64.9861,64.8862,64.7866,64.6874,64.5886,64.4902,64.3922,64.2946,64.1975,64.1007,64.0044,63.9085,63.8131,63.718,62.8597,61.8536,60.881,59.9403,59.0302,58.1491,57.2958,56.4692,55.6681,54.8913,54.138,53.4071,52.6977,52.0091,51.3404,50.6908,50.0596,49.4462,48.8499,48.27,47.7061,47.1575,46.6238,46.1044,45.5988,45.1066,44.6274,44.1608,43.7063,43.2636,42.8323,42.4122,42.0027,41.6038,41.215,40.8361,40.4668,40.1068,39.7559,39.4139,39.0805,38.7555,38.4387,38.1298,37.8288,37.5353,37.2493,36.9705,36.6988,36.4341,36.1761,35.9247,35.6798,35.4413,35.2089,34.9827,34.7624,34.548,34.3393,34.1362,33.9386,33.7464,33.5596,33.3779,33.2014,33.03,32.8635,32.7018,32.545,32.3928,32.2453,32.1024,31.9639,31.8299,31.7002,31.5749,31.4538,31.3368,31.224,31.1153,31.0105,30.9097,30.8129,30.7199,30.6306,30.5452,30.4635,30.3855,30.311,30.2402,30.173,30.1093,30.049,29.9922,29.9388,29.8888,29.8421,29.7987,29.7586,29.7218,29.6881,29.6577,29.6304,29.6063,29.5852,29.5673,29.5524,29.5405,29.5317,29.5258,29.5229,29.5229,29.5259,29.5318,29.5405,29.5521,29.5665,29.5838,29.6039,29.6267,29.6524,29.6807,29.7119,29.7457,29.7822,29.8215,29.8634,29.9079,29.9551,30.005,30.0574,30.1125,30.1702,30.2304,30.2932,30.3585,30.4264,30.4969,30.5698,30.6453,30.7232,30.8037,30.8866,30.972,31.0598,31.1501,31.2428,31.338,31.4355,31.5355,31.6379,31.7426,31.8498,31.9593,32.0712,32.1854,32.3021,32.421,32.5423,32.6659,32.7918,32.92,33.0505,33.1834,33.3185,33.4559,33.5956,33.7375,33.8818,34.0282,34.177,34.3279,34.4811,34.6366,34.7943,34.9541,35.1162,35.2806,35.4471,35.6158,35.7867,35.9598,36.135,36.3125,36.4921,36.6739,36.8579,37.0439,37.2322,37.4226,37.6151,37.8098,38.0066,38.2055,38.4066,38.6098,38.815,39.0224,39.2319,39.4435,39.6572,39.873,40.0909,40.3108,40.5328,40.7569,40.9831,41.2113,41.4416,41.674,41.9084,42.1448,42.3833,42.48\right]
v_{forward}=\left[0,3.76298,5.31417,6.49939,7.49436,8.36728,9.15316,9.87285,10.54,11.1639,11.7517,12.3084,12.8382,13.3443,13.8293,14.2954,14.7444,15.1778,15.597,16.0031,16.3971,16.7799,17.1522,17.5147,17.8681,18.2129,18.5496,18.8786,19.2004,19.5154,19.8238,20.126,20.4223,20.713,20.9983,21.2785,21.5537,21.8242,22.0901,22.3517,22.6091,22.8624,23.1119,23.3576,23.5997,23.8383,24.0736,24.3055,24.5344,24.7602,24.983,25.203,25.4203,25.6348,25.8468,26.0562,26.2632,26.4678,26.6701,26.8702,27.0681,27.2638,27.4576,27.6493,27.8391,28.027,28.2131,28.3974,28.5799,28.7608,28.94,29.1176,29.2937,29.4682,29.6413,29.813,29.9832,30.1521,30.3197,30.2685,30.2068,30.1477,30.0912,30.0372,29.9859,29.9371,29.891,29.8475,29.8067,29.7685,29.733,29.7002,29.6702,29.6428,29.6183,29.5964,29.5774,29.5611,29.5477,29.5371,29.5294,29.5246,29.5226,29.5236,29.5275,29.5343,29.5442,29.557,29.5729,29.5918,29.6138,29.639,29.6672,29.6987,29.7333,29.7711,29.8122,29.8565,29.9042,29.9552,30.0096,30.0674,30.1286,30.1933,30.2616,30.3334,30.4088,30.4878,30.5706,30.657,30.7473,30.8413,30.9392,31.041,31.1468,31.2567,31.3705,31.4886,31.6108,31.7372,31.868,32.0031,32.1427,32.2868,32.4355,32.5888,32.7468,32.9097,33.0759,33.2422,33.4085,33.5748,33.7413,33.9078,34.0745,34.2413,34.4083,34.5755,34.743,34.9107,35.0787,35.247,35.4156,35.5846,35.7539,35.9237,36.0939,36.2645,36.4357,36.6073,36.7795,36.9522,37.1256,37.2995,37.4741,37.6494,37.8254,38.0021,38.1796,38.3579,38.537,38.7169,38.8978,39.0795,39.2622,39.4459,39.6307,39.8164,40.0033,40.1913,40.3805,40.5709,40.7625,40.9555,41.1497,41.3453,41.5424,41.7409,41.941,42.1426,42.3458,42.5507,42.7573,42.9657,43.1759,43.388,43.6021,43.8182,44.0364,44.2567,44.4793,44.7043,44.9315,45.1613,45.3937,45.6287,45.8664,46.107,46.3505,46.5971,46.8469,47.1,47.3565,47.6166,47.8804,48.148,48.4196,48.6954,48.9756,49.2604,49.5499,49.8444,50.144,50.4383,50.7264,51.0087,51.2853,51.5563,51.822,52.0825,52.3379,52.5884,52.8342,53.0754,53.312,53.5442,53.7722,53.9961,54.2159,54.4318,54.6438,54.8522,55.0568,55.258,55.4556,55.6499,55.8409,56.0286,56.2133,56.3948,56.5733,56.7489,56.9217,57.0916,57.2588,57.4233,57.5852,57.7445,57.9013,58.0557,58.2076,58.3572,58.5045,58.6495,58.7922,58.9329,59.0713,59.2077,59.3421,59.4744,59.6048,59.7333,59.8598,59.9845,60.1074,60.2285,60.3478,60.4654,60.5813,60.6956,60.8082,60.9192,61.0286,61.1365,61.2429,61.3478,61.4512,61.5532,61.6538,61.7529,61.8507,61.9472,62.0423,62.1362,62.2287,62.32,62.4101,62.499,62.5866,62.6731,62.7584,62.8426,62.9256,63.0076,63.0885,63.1683,63.247,63.3247,63.4014,63.4771,63.5518,63.6255,63.6983,63.7701,63.841,63.911,63.9801,64.0483,64.1007,64.0044,63.9085,63.8131,63.718,62.8597,61.8536,60.881,59.9403,59.0302,58.1491,57.2958,56.4692,55.6681,54.8913,54.138,53.4071,52.6977,52.0091,51.3404,50.6908,50.0596,49.4462,48.8499,48.27,47.7061,47.1575,46.6238,46.1044,45.5988,45.1066,44.6274,44.1608,43.7063,43.2636,42.8323,42.4122,42.0027,41.6038,41.215,40.8361,40.4668,40.1068,39.7559,39.4139,39.0805,38.7555,38.4387,38.1298,37.8288,37.5353,37.2493,36.9705,36.6988,36.4341,36.1761,35.9247,35.6798,35.4413,35.2089,34.9827,34.7624,34.548,34.3393,34.1362,33.9386,33.7464,33.5596,33.3779,33.2014,33.03,32.8635,32.7018,32.545,32.3928,32.2453,32.1024,31.9639,31.8299,31.7002,31.5749,31.4538,31.3368,31.224,31.1153,31.0105,30.9097,30.8129,30.7199,30.6306,30.5452,30.4635,30.3855,30.311,30.2402,30.173,30.1093,30.049,29.9922,29.9388,29.8888,29.8421,29.7987,29.7586,29.7218,29.6881,29.6577,29.6304,29.6063,29.5852,29.5673,29.5524,29.5405,29.5317,29.5258,29.5229,29.5229,29.5259,29.5318,29.5405,29.5521,29.5665,29.5838,29.6039,29.6267,29.6524,29.6807,29.7119,29.7457,29.7822,29.8215,29.8634,29.9079,29.9551,30.005,30.0574,30.1125,30.1702,30.2304,30.2932,30.3585,30.4264,30.4969,30.5698,30.6453,30.7232,30.8037,30.8866,30.972,31.0598,31.1501,31.2428,31.338,31.4355,31.5355,31.6379,31.7426,31.8498,31.9593,32.0712,32.1854,32.3021,32.421,32.5423,32.6659,32.7918,32.92,33.0505,33.1834,33.3185,33.4559,33.5956,33.7375,33.8818,34.0282,34.177,34.3279,34.4811,34.6366,34.7943,34.9541,35.1162,35.2806,35.4468,35.6131,35.7794,35.9457,36.1121,36.2785,36.4449,36.6114,36.778,36.9446,37.1114,37.2782,37.4451,37.6122,37.7794,37.9466,38.1141,38.2817,38.4494,38.6173,38.7853,38.9535,39.1219,39.2905,39.4593,39.6283,39.7975,39.9668,40.1364,40.3063,40.4763,40.6466,40.8171,40.9879,41.1589,0\right]
v_{backward}=\left[0,3.76298,5.31417,6.49939,7.49436,8.36728,9.15316,9.87285,10.54,11.1639,11.7517,12.3084,12.8382,13.3443,13.8293,14.2954,14.7444,15.1778,15.597,16.0031,16.3971,16.7799,17.1522,17.5147,17.8681,18.2129,18.5496,18.8786,19.2004,19.5154,19.8238,20.126,20.4223,20.713,20.9983,21.2785,21.5537,21.8242,22.0901,22.3517,22.6091,22.8624,23.1119,23.3576,23.5997,23.8383,24.0736,24.3055,24.5344,24.7602,24.983,25.203,25.4203,25.6348,25.8468,26.0562,26.2632,26.4678,26.6701,26.8702,27.0681,27.2638,27.4576,27.6493,27.8391,28.027,28.2131,28.3974,28.5799,28.7608,28.94,29.1176,29.2937,29.4682,29.6413,29.813,29.9832,30.1521,30.3197,30.2685,30.2068,30.1477,30.0912,30.0372,29.9859,29.9371,29.891,29.8475,29.8067,29.7685,29.733,29.7002,29.6702,29.6428,29.6183,29.5964,29.5774,29.5611,29.5477,29.5371,29.5294,29.5246,29.5226,29.5236,29.5275,29.5343,29.5442,29.557,29.5729,29.5918,29.6138,29.639,29.6672,29.6987,29.7333,29.7711,29.8122,29.8565,29.9042,29.9552,30.0096,30.0674,30.1286,30.1933,30.2616,30.3334,30.4088,30.4878,30.5706,30.657,30.7473,30.8413,30.9392,31.041,31.1468,31.2567,31.3705,31.4886,31.6108,31.7372,31.868,32.0031,32.1427,32.2868,32.4355,32.5888,32.7468,32.9097,33.0759,33.2422,33.4085,33.5748,33.7413,33.9078,34.0745,34.2413,34.4083,34.5755,34.743,34.9107,35.0787,35.247,35.4156,35.5846,35.7539,35.9237,36.0939,36.2645,36.4357,36.6073,36.7795,36.9522,37.1256,37.2995,37.4741,37.6494,37.8254,38.0021,38.1796,38.3579,38.537,38.7169,38.8978,39.0795,39.2622,39.4459,39.6307,39.8164,40.0033,40.1913,40.3805,40.5709,40.7625,40.9555,41.1497,41.3453,41.5424,41.7409,41.941,42.1426,42.3458,42.5507,42.7573,42.9657,43.1759,43.388,43.6021,43.8182,44.0364,44.2567,44.4793,44.7043,44.9315,45.1613,45.3937,45.6287,45.8664,46.107,46.3505,46.5971,46.8469,47.1,47.3565,47.6166,47.8804,48.148,48.4196,48.6954,48.9756,49.2604,49.5499,49.8444,50.144,50.4383,50.7264,51.0087,51.2853,51.5563,51.822,52.0825,52.3379,52.5884,52.8342,53.0754,53.312,53.5442,53.7722,53.9961,54.2159,54.4318,54.6438,54.8522,55.0568,55.258,55.4556,55.6499,55.8409,56.0286,56.2133,56.3948,56.5733,56.7489,56.9217,57.0916,57.2588,57.4233,57.5852,57.7445,57.9013,58.0557,58.134,57.9809,57.8254,57.6673,57.5068,57.3436,57.1778,57.0093,56.838,56.6639,56.4889,56.3137,56.1383,55.9625,55.7865,55.6103,55.4338,55.257,55.0799,54.9026,54.7249,54.547,54.3688,54.1903,54.0115,53.8323,53.6529,53.4732,53.2932,53.1128,52.9321,52.7511,52.5697,52.388,52.206,52.0236,51.8409,51.6578,51.4744,51.2906,51.1064,50.9218,50.7369,50.5516,50.3659,50.1798,49.9933,49.8064,49.619,49.4313,49.2431,49.0545,48.8655,48.676,48.4861,48.2957,48.1049,47.9135,47.7217,47.5295,47.3367,47.1434,46.9497,46.7554,46.5606,46.3652,46.1694,45.973,45.776,45.5785,45.3804,45.1817,44.9824,44.7826,44.5821,44.381,44.1793,43.9769,43.7739,43.5703,43.3659,43.1609,42.9552,42.7488,42.5416,42.3338,42.1251,41.9158,41.7056,41.4947,41.283,41.0704,40.8571,40.6429,40.4278,40.2119,39.995,39.7773,39.5586,39.339,39.1185,38.8969,38.6743,38.4508,38.2261,38.0004,37.7737,37.5458,37.3168,37.0866,36.8552,36.6227,36.3889,36.1538,35.9175,35.6798,35.4413,35.2089,34.9827,34.7624,34.548,34.3393,34.1362,33.9386,33.7464,33.5596,33.3779,33.2014,33.03,32.8635,32.7018,32.545,32.3928,32.2453,32.1024,31.9639,31.8299,31.7002,31.5749,31.4538,31.3368,31.224,31.1153,31.0105,30.9097,30.8129,30.7199,30.6306,30.5452,30.4635,30.3855,30.311,30.2402,30.173,30.1093,30.049,29.9922,29.9388,29.8888,29.8421,29.7987,29.7586,29.7218,29.6881,29.6577,29.6304,29.6063,29.5852,29.5673,29.5524,29.5405,29.5317,29.5258,29.5229,29.5229,29.5259,29.5318,29.5405,29.5521,29.5665,29.5838,29.6039,29.6267,29.6524,29.6807,29.7119,29.7457,29.7822,29.8215,29.8634,29.9079,29.9551,30.005,30.0574,30.1125,30.1702,30.2304,30.2932,30.3585,30.4264,30.4969,30.5698,30.6453,30.7232,30.8037,30.8866,30.972,31.0598,31.1501,31.2428,31.338,31.4355,31.5355,31.6379,31.7426,31.8498,31.9593,31.7169,31.4522,31.1852,30.9157,30.6437,30.3691,30.0918,29.8117,29.5288,29.243,28.9541,28.6622,28.3671,28.0687,27.7668,27.4615,27.1525,26.8397,26.523,26.2023,25.8774,25.5481,25.2143,24.8757,24.5323,24.1837,23.8297,23.4702,23.1048,22.7333,22.3553,21.9705,21.5786,21.1791,20.7716,20.3557,19.9308,19.4963,19.0516,18.5959,18.1284,17.6481,17.1541,16.645,16.1194,15.5757,15.0119,14.4256,13.814,13.1736,12.4999,11.7872,11.0279,10.2117,9.32372,8.34091,7.22477,5.90008,4.17275,0\right]
v_{final}=\left[0,3.76298,5.31417,6.49939,7.49436,8.36728,9.15316,9.87285,10.54,11.1639,11.7517,12.3084,12.8382,13.3443,13.8293,14.2954,14.7444,15.1778,15.597,16.0031,16.3971,16.7799,17.1522,17.5147,17.8681,18.2129,18.5496,18.8786,19.2004,19.5154,19.8238,20.126,20.4223,20.713,20.9983,21.2785,21.5537,21.8242,22.0901,22.3517,22.6091,22.8624,23.1119,23.3576,23.5997,23.8383,24.0736,24.3055,24.5344,24.7602,24.983,25.203,25.4203,25.6348,25.8468,26.0562,26.2632,26.4678,26.6701,26.8702,27.0681,27.2638,27.4576,27.6493,27.8391,28.027,28.2131,28.3974,28.5799,28.7608,28.94,29.1176,29.2937,29.4682,29.6413,29.813,29.9832,30.1521,30.3197,30.2685,30.2068,30.1477,30.0912,30.0372,29.9859,29.9371,29.891,29.8475,29.8067,29.7685,29.733,29.7002,29.6702,29.6428,29.6183,29.5964,29.5774,29.5611,29.5477,29.5371,29.5294,29.5246,29.5226,29.5236,29.5275,29.5343,29.5442,29.557,29.5729,29.5918,29.6138,29.639,29.6672,29.6987,29.7333,29.7711,29.8122,29.8565,29.9042,29.9552,30.0096,30.0674,30.1286,30.1933,30.2616,30.3334,30.4088,30.4878,30.5706,30.657,30.7473,30.8413,30.9392,31.041,31.1468,31.2567,31.3705,31.4886,31.6108,31.7372,31.868,32.0031,32.1427,32.2868,32.4355,32.5888,32.7468,32.9097,33.0759,33.2422,33.4085,33.5748,33.7413,33.9078,34.0745,34.2413,34.4083,34.5755,34.743,34.9107,35.0787,35.247,35.4156,35.5846,35.7539,35.9237,36.0939,36.2645,36.4357,36.6073,36.7795,36.9522,37.1256,37.2995,37.4741,37.6494,37.8254,38.0021,38.1796,38.3579,38.537,38.7169,38.8978,39.0795,39.2622,39.4459,39.6307,39.8164,40.0033,40.1913,40.3805,40.5709,40.7625,40.9555,41.1497,41.3453,41.5424,41.7409,41.941,42.1426,42.3458,42.5507,42.7573,42.9657,43.1759,43.388,43.6021,43.8182,44.0364,44.2567,44.4793,44.7043,44.9315,45.1613,45.3937,45.6287,45.8664,46.107,46.3505,46.5971,46.8469,47.1,47.3565,47.6166,47.8804,48.148,48.4196,48.6954,48.9756,49.2604,49.5499,49.8444,50.144,50.4383,50.7264,51.0087,51.2853,51.5563,51.822,52.0825,52.3379,52.5884,52.8342,53.0754,53.312,53.5442,53.7722,53.9961,54.2159,54.4318,54.6438,54.8522,55.0568,55.258,55.4556,55.6499,55.8409,56.0286,56.2133,56.3948,56.5733,56.7489,56.9217,57.0916,57.2588,57.4233,57.5852,57.7445,57.9013,58.0557,58.134,57.9809,57.8254,57.6673,57.5068,57.3436,57.1778,57.0093,56.838,56.6639,56.4889,56.3137,56.1383,55.9625,55.7865,55.6103,55.4338,55.257,55.0799,54.9026,54.7249,54.547,54.3688,54.1903,54.0115,53.8323,53.6529,53.4732,53.2932,53.1128,52.9321,52.7511,52.5697,52.388,52.206,52.0236,51.8409,51.6578,51.4744,51.2906,51.1064,50.9218,50.7369,50.5516,50.3659,50.1798,49.9933,49.8064,49.619,49.4313,49.2431,49.0545,48.8655,48.676,48.4861,48.2957,48.1049,47.9135,47.7217,47.5295,47.3367,47.1434,46.9497,46.7554,46.5606,46.3652,46.1694,45.973,45.776,45.5785,45.3804,45.1817,44.9824,44.7826,44.5821,44.381,44.1793,43.9769,43.7739,43.5703,43.3659,43.1609,42.9552,42.7488,42.5416,42.3338,42.1251,41.9158,41.7056,41.4947,41.283,41.0704,40.8571,40.6429,40.4278,40.2119,39.995,39.7773,39.5586,39.339,39.1185,38.8969,38.6743,38.4508,38.2261,38.0004,37.7737,37.5458,37.3168,37.0866,36.8552,36.6227,36.3889,36.1538,35.9175,35.6798,35.4413,35.2089,34.9827,34.7624,34.548,34.3393,34.1362,33.9386,33.7464,33.5596,33.3779,33.2014,33.03,32.8635,32.7018,32.545,32.3928,32.2453,32.1024,31.9639,31.8299,31.7002,31.5749,31.4538,31.3368,31.224,31.1153,31.0105,30.9097,30.8129,30.7199,30.6306,30.5452,30.4635,30.3855,30.311,30.2402,30.173,30.1093,30.049,29.9922,29.9388,29.8888,29.8421,29.7987,29.7586,29.7218,29.6881,29.6577,29.6304,29.6063,29.5852,29.5673,29.5524,29.5405,29.5317,29.5258,29.5229,29.5229,29.5259,29.5318,29.5405,29.5521,29.5665,29.5838,29.6039,29.6267,29.6524,29.6807,29.7119,29.7457,29.7822,29.8215,29.8634,29.9079,29.9551,30.005,30.0574,30.1125,30.1702,30.2304,30.2932,30.3585,30.4264,30.4969,30.5698,30.6453,30.7232,30.8037,30.8866,30.972,31.0598,31.1501,31.2428,31.338,31.4355,31.5355,31.6379,31.7426,31.8498,31.9593,31.7169,31.4522,31.1852,30.9157,30.6437,30.3691,30.0918,29.8117,29.5288,29.243,28.9541,28.6622,28.3671,28.0687,27.7668,27.4615,27.1525,26.8397,26.523,26.2023,25.8774,25.5481,25.2143,24.8757,24.5323,24.1837,23.8297,23.4702,23.1048,22.7333,22.3553,21.9705,21.5786,21.1791,20.7716,20.3557,19.9308,19.4963,19.0516,18.5959,18.1284,17.6481,17.1541,16.645,16.1194,15.5757,15.0119,14.4256,13.814,13.1736,12.4999,11.7872,11.0279,10.2117,9.32372,8.34091,7.22477,5.90008,4.17275,0\right]
l_{times}=\left[0,0.0531494,0.0751827,0.0921124,0.106405,0.119014,0.130429,0.140941,0.150739,0.159953,0.168681,0.176994,0.184947,0.192586,0.199946,0.207057,0.213944,0.220628,0.227127,0.233456,0.239629,0.245657,0.251551,0.25732,0.262973,0.268516,0.273956,0.2793,0.284552,0.289718,0.294802,0.299808,0.304741,0.309603,0.314398,0.319128,0.323798,0.328408,0.332963,0.337463,0.341911,0.34631,0.35066,0.354964,0.359223,0.363439,0.367613,0.371747,0.375842,0.3799,0.38392,0.387905,0.391856,0.395773,0.399658,0.403512,0.407334,0.411127,0.414891,0.418627,0.422334,0.426016,0.42967,0.4333,0.436904,0.440484,0.44404,0.447573,0.451083,0.454571,0.458037,0.461482,0.464906,0.46831,0.471693,0.475057,0.478402,0.481728,0.485035,0.488336,0.491643,0.494957,0.498277,0.501603,0.504936,0.508273,0.511616,0.514964,0.518317,0.521674,0.525035,0.5284,0.531769,0.535141,0.538516,0.541893,0.545273,0.548655,0.552039,0.555423,0.55881,0.562196,0.565583,0.568971,0.572357,0.575744,0.579129,0.582513,0.585895,0.589276,0.592654,0.596029,0.599402,0.602771,0.606136,0.609497,0.612853,0.616205,0.619552,0.622893,0.626228,0.629557,0.63288,0.636196,0.639504,0.642804,0.646097,0.649381,0.652657,0.655923,0.65918,0.662428,0.665665,0.668892,0.672108,0.675313,0.678506,0.681688,0.684858,0.688015,0.691159,0.694291,0.697408,0.700513,0.703603,0.706679,0.70974,0.712786,0.715817,0.718833,0.721833,0.724819,0.72779,0.730747,0.733689,0.736616,0.73953,0.742429,0.745314,0.748185,0.751043,0.753887,0.756717,0.759534,0.762338,0.765128,0.767905,0.770669,0.77342,0.776158,0.778884,0.781596,0.784296,0.786983,0.789658,0.79232,0.79497,0.797608,0.800233,0.802846,0.805447,0.808036,0.810613,0.813178,0.815731,0.818272,0.820801,0.823318,0.825824,0.828318,0.8308,0.833271,0.83573,0.838177,0.840613,0.843037,0.84545,0.847852,0.850242,0.85262,0.854987,0.857343,0.859688,0.862021,0.864343,0.866653,0.868952,0.87124,0.873516,0.875782,0.878035,0.880278,0.882509,0.884729,0.886938,0.889135,0.891321,0.893496,0.895659,0.89781,0.899951,0.90208,0.904197,0.906303,0.908397,0.91048,0.912551,0.91461,0.916658,0.918694,0.920718,0.92273,0.92473,0.926719,0.928696,0.930662,0.932617,0.934562,0.936496,0.938421,0.940336,0.942243,0.94414,0.946028,0.947908,0.94978,0.951643,0.953499,0.955347,0.957188,0.959022,0.960848,0.962668,0.964481,0.966287,0.968087,0.969881,0.971669,0.973451,0.975227,0.976998,0.978762,0.980522,0.982276,0.984025,0.985769,0.987508,0.989242,0.990972,0.992696,0.994418,0.99614,0.997867,0.999599,1.00134,1.00308,1.00482,1.00657,1.00833,1.01009,1.01186,1.01363,1.01541,1.0172,1.01899,1.02078,1.02258,1.02439,1.0262,1.02802,1.02985,1.03168,1.03351,1.03535,1.0372,1.03906,1.04092,1.04278,1.04466,1.04654,1.04842,1.05032,1.05221,1.05412,1.05603,1.05795,1.05988,1.06181,1.06375,1.06569,1.06765,1.06961,1.07158,1.07355,1.07553,1.07752,1.07952,1.08152,1.08353,1.08555,1.08758,1.08961,1.09166,1.09371,1.09577,1.09783,1.09991,1.10199,1.10408,1.10618,1.10829,1.11041,1.11253,1.11467,1.11681,1.11896,1.12112,1.12329,1.12547,1.12766,1.12986,1.13207,1.13429,1.13652,1.13875,1.141,1.14326,1.14553,1.14781,1.1501,1.1524,1.15471,1.15703,1.15937,1.16171,1.16407,1.16643,1.16881,1.17121,1.17361,1.17603,1.17845,1.1809,1.18335,1.18582,1.1883,1.19079,1.1933,1.19582,1.19835,1.2009,1.20347,1.20604,1.20864,1.21125,1.21387,1.21651,1.21916,1.22184,1.22452,1.22723,1.22995,1.23269,1.23545,1.23822,1.24102,1.24383,1.24666,1.24951,1.25238,1.25526,1.25816,1.26109,1.26402,1.26698,1.26995,1.27294,1.27594,1.27896,1.282,1.28505,1.28811,1.29119,1.29429,1.29739,1.30052,1.30365,1.3068,1.30996,1.31313,1.31632,1.31952,1.32272,1.32594,1.32917,1.33241,1.33566,1.33892,1.34219,1.34547,1.34876,1.35205,1.35536,1.35867,1.36198,1.36531,1.36864,1.37198,1.37532,1.37867,1.38202,1.38538,1.38874,1.39211,1.39548,1.39885,1.40223,1.40561,1.40899,1.41237,1.41576,1.41914,1.42253,1.42592,1.4293,1.43269,1.43608,1.43946,1.44285,1.44623,1.44961,1.45299,1.45637,1.45974,1.46311,1.46648,1.46984,1.4732,1.47656,1.47991,1.48325,1.48659,1.48993,1.49326,1.49658,1.4999,1.50321,1.50652,1.50982,1.51311,1.51639,1.51966,1.52293,1.52619,1.52944,1.53268,1.53592,1.53914,1.54235,1.54556,1.54876,1.55194,1.55512,1.55828,1.56144,1.56458,1.56772,1.57086,1.57403,1.57722,1.58044,1.58369,1.58697,1.59027,1.59361,1.59698,1.60039,1.60382,1.60729,1.6108,1.61435,1.61793,1.62155,1.62521,1.62891,1.63266,1.63646,1.6403,1.64419,1.64813,1.65212,1.65617,1.66027,1.66444,1.66867,1.67296,1.67732,1.68176,1.68627,1.69086,1.69554,1.70031,1.70517,1.71014,1.71521,1.7204,1.72571,1.73115,1.73674,1.74249,1.74841,1.75451,1.76082,1.76736,1.77416,1.78124,1.78865,1.79644,1.80467,1.81344,1.82286,1.83309,1.84442,1.85726,1.8725,1.89236,1.94029,\right]
l_{points}=\left[\left(0,0\right),\left(0.0998589,0.00014111\right),\left(0.199717,0.0005655\right),\left(0.299573,0.00127476\right),\left(0.399428,0.00227049\right),\left(0.499278,0.00355429\right),\left(0.599125,0.00512774\right),\left(0.698967,0.00699245\right),\left(0.798803,0.00915002\right),\left(0.898632,0.011602\right),\left(0.998453,0.0143501\right),\left(1.09827,0.0173958\right),\left(1.19807,0.0207408\right),\left(1.29786,0.0243867\right),\left(1.39764,0.0283349\right),\left(1.49741,0.0325872\right),\left(1.59717,0.0371452\right),\left(1.69691,0.0420103\right),\left(1.79664,0.0471843\right),\left(1.89635,0.0526687\right),\left(1.99604,0.058465\right),\left(2.09571,0.0645749\right),\left(2.19536,0.0709999\right),\left(2.295,0.0777417\right),\left(2.39461,0.0848016\right),\left(2.4942,0.0921814\right),\left(2.59376,0.0998826\right),\left(2.6933,0.107907\right),\left(2.79281,0.116255\right),\left(2.8923,0.12493\right),\left(2.99175,0.133932\right),\left(3.09118,0.143263\right),\left(3.19057,0.152924\right),\left(3.28994,0.162918\right),\left(3.38926,0.173245\right),\left(3.48856,0.183907\right),\left(3.58781,0.194905\right),\left(3.68703,0.206242\right),\left(3.78621,0.217917\right),\left(3.88535,0.229934\right),\left(3.98445,0.242292\right),\left(4.0835,0.254995\right),\left(4.18251,0.268042\right),\left(4.28148,0.281435\right),\left(4.38039,0.295177\right),\left(4.47926,0.309267\right),\left(4.57808,0.323708\right),\left(4.67685,0.3385\right),\left(4.77556,0.353645\right),\left(4.87422,0.369145\right),\left(4.97282,0.385\right),\left(5.07137,0.401212\right),\left(5.16985,0.417782\right),\left(5.26828,0.434711\right),\left(5.36664,0.452\right),\left(5.46494,0.469651\right),\left(5.56318,0.487664\right),\left(5.66134,0.506041\right),\left(5.75944,0.524783\right),\left(5.85747,0.543891\right),\left(5.95543,0.563365\right),\left(6.05331,0.583208\right),\left(6.15112,0.603419\right),\left(6.24886,0.624\right),\left(6.34651,0.644952\right),\left(6.44409,0.666275\right),\left(6.54158,0.687971\right),\left(6.63899,0.710041\right),\left(6.73631,0.732484\right),\left(6.83355,0.755302\right),\left(6.9307,0.778496\right),\left(7.02776,0.802067\right),\left(7.12473,0.826014\right),\left(7.22161,0.850339\right),\left(7.31839,0.875043\right),\left(7.41507,0.900125\right),\left(7.51166,0.925587\right),\left(7.60814,0.951428\right),\left(7.70453,0.977651\right),\left(7.80081,1.00425\right),\left(7.89698,1.03124\right),\left(7.99305,1.0586\right),\left(8.08901,1.08635\right),\left(8.18486,1.11448\right),\left(8.28059,1.14299\right),\left(8.37621,1.17189\right),\left(8.47172,1.20117\right),\left(8.56711,1.23083\right),\left(8.66238,1.26087\right),\left(8.75753,1.2913\right),\left(8.85256,1.32211\right),\left(8.94746,1.35331\right),\left(9.04224,1.38488\right),\left(9.13689,1.41684\right),\left(9.23141,1.44919\right),\left(9.3258,1.48191\right),\left(9.42005,1.51502\right),\left(9.51418,1.54851\right),\left(9.60816,1.58238\right),\left(9.70201,1.61664\right),\left(9.79572,1.65127\right),\left(9.88929,1.68628\right),\left(9.98272,1.72168\right),\left(10.076,1.75745\right),\left(10.1691,1.79361\right),\left(10.2621,1.83014\right),\left(10.355,1.86705\right),\left(10.4477,1.90433\right),\left(10.5402,1.94199\right),\left(10.6326,1.98003\right),\left(10.7249,2.01844\right),\left(10.8169,2.05723\right),\left(10.9089,2.09638\right),\left(11.0006,2.13591\right),\left(11.0922,2.17581\right),\left(11.1837,2.21608\right),\left(11.275,2.25672\right),\left(11.3661,2.29773\right),\left(11.4571,2.3391\right),\left(11.5478,2.38083\right),\left(11.6385,2.42293\right),\left(11.7289,2.46539\right),\left(11.8192,2.50822\right),\left(11.9093,2.5514\right),\left(11.9993,2.59494\right),\left(12.0891,2.63883\right),\left(12.1787,2.68309\right),\left(12.2681,2.72769\right),\left(12.3573,2.77265\right),\left(12.4464,2.81795\right),\left(12.5353,2.86361\right),\left(12.624,2.90961\right),\left(12.7126,2.95596\right),\left(12.8009,3.00265\right),\left(12.8891,3.04968\right),\left(12.9771,3.09706\right),\left(13.0649,3.14477\right),\left(13.1526,3.19281\right),\left(13.24,3.24119\right),\left(13.3273,3.2899\right),\left(13.4144,3.33894\right),\left(13.5013,3.38831\right),\left(13.588,3.43801\right),\left(13.6746,3.48803\right),\left(13.7609,3.53837\right),\left(13.8471,3.58903\right),\left(13.933,3.64001\right),\left(14.0188,3.6913\right),\left(14.1044,3.7429\right),\left(14.1898,3.79482\right),\left(14.2751,3.84704\right),\left(14.3601,3.89957\right),\left(14.445,3.95241\right),\left(14.5296,4.00554\right),\left(14.6141,4.05898\right),\left(14.6984,4.11271\right),\left(14.7825,4.16673\right),\left(14.8664,4.22105\right),\left(14.9502,4.27565\right),\left(15.0337,4.33054\right),\left(15.1171,4.38572\right),\left(15.2002,4.44118\right),\left(15.2832,4.49692\right),\left(15.366,4.55293\right),\left(15.4486,4.60922\right),\left(15.5311,4.66578\right),\left(15.6133,4.72261\right),\left(15.6954,4.7797\right),\left(15.7773,4.83706\right),\left(15.859,4.89468\right),\left(15.9405,4.95256\right),\left(16.0218,5.0107\right),\left(16.103,5.06909\right),\left(16.1839,5.12773\right),\left(16.2647,5.18661\right),\left(16.3453,5.24575\right),\left(16.4258,5.30512\right),\left(16.506,5.36474\right),\left(16.5861,5.42459\right),\left(16.666,5.48468\right),\left(16.7458,5.545\right),\left(16.8253,5.60555\right),\left(16.9047,5.66633\right),\left(16.9839,5.72733\right),\left(17.063,5.78855\right),\left(17.1418,5.85\right),\left(17.2206,5.91165\right),\left(17.2991,5.97352\right),\left(17.3775,6.03561\right),\left(17.4557,6.0979\right),\left(17.5337,6.16039\right),\left(17.6116,6.22309\right),\left(17.6893,6.28598\right),\left(17.7669,6.34908\right),\left(17.8443,6.41237\right),\left(17.9216,6.47585\right),\left(17.9987,6.53952\right),\left(18.0756,6.60338\right),\left(18.1524,6.66742\right),\left(18.229,6.73164\right),\left(18.3055,6.79604\right),\left(18.3819,6.86062\right),\left(18.458,6.92537\right),\left(18.5341,6.99029\right),\left(18.61,7.05538\right),\left(18.6858,7.12063\right),\left(18.7614,7.18605\right),\left(18.8369,7.25163\right),\left(18.9122,7.31736\right),\left(18.9874,7.38325\right),\left(19.0625,7.44929\right),\left(19.1375,7.51549\right),\left(19.2123,7.58183\right),\left(19.287,7.64831\right),\left(19.3615,7.71493\right),\left(19.436,7.7817\right),\left(19.5103,7.8486\right),\left(19.5845,7.91564\right),\left(19.6586,7.98281\right),\left(19.7325,8.05011\right),\left(19.8064,8.11753\right),\left(19.8801,8.18508\right),\left(19.9537,8.25275\right),\left(20.0272,8.32054\right),\left(20.1007,8.38845\right),\left(20.1739,8.45647\right),\left(20.2471,8.5246\right),\left(20.3202,8.59284\right),\left(20.3932,8.66119\right),\left(20.4661,8.72965\right),\left(20.5389,8.7982\right),\left(20.6116,8.86686\right),\left(20.6842,8.93561\right),\left(20.7568,9.00445\right),\left(20.8292,9.07339\right),\left(20.9016,9.14242\right),\left(20.9738,9.21154\right),\left(21.046,9.28074\right),\left(21.1181,9.35002\right),\left(21.1901,9.41939\right),\left(21.2621,9.48883\right),\left(21.334,9.55835\right),\left(21.4058,9.62794\right),\left(21.4775,9.6976\right),\left(21.5492,9.76733\right),\left(21.6208,9.83712\right),\left(21.6924,9.90698\right),\left(21.7639,9.9769\right),\left(21.8353,10.0469\right),\left(21.9067,10.1169\right),\left(21.978,10.187\right),\left(22.0493,10.2572\right),\left(22.1205,10.3273\right),\left(22.1917,10.3976\right),\left(22.2628,10.4679\right),\left(22.3339,10.5382\right),\left(22.405,10.6086\right),\left(22.476,10.679\right),\left(22.5469,10.7494\right),\left(22.6179,10.8199\right),\left(22.6888,10.8904\right),\left(22.7597,10.9609\right),\left(22.8305,11.0315\right),\left(22.9014,11.1021\right),\left(22.9722,11.1727\right),\left(23.043,11.2433\right),\left(23.1137,11.314\right),\left(23.1845,11.3847\right),\left(23.2552,11.4553\right),\left(23.326,11.526\right),\left(23.3967,11.5967\right),\left(23.4674,11.6674\right),\left(23.5381,11.7381\right),\left(23.6088,11.8088\right),\left(23.6796,11.8796\right),\left(23.7503,11.9503\right),\left(23.821,12.021\right),\left(23.8917,12.0917\right),\left(23.9624,12.1623\right),\left(24.0332,12.233\right),\left(24.104,12.3037\right),\left(24.1747,12.3743\right),\left(24.2455,12.445\right),\left(24.3163,12.5156\right),\left(24.3872,12.5861\right),\left(24.458,12.6567\right),\left(24.5289,12.7272\right),\left(24.5998,12.7977\right),\left(24.6708,12.8682\right),\left(24.7418,12.9386\right),\left(24.8128,13.009\right),\left(24.8839,13.0794\right),\left(24.955,13.1497\right),\left(25.0261,13.22\right),\left(25.0973,13.2902\right),\left(25.1685,13.3604\right),\left(25.2398,13.4305\right),\left(25.3112,13.5006\right),\left(25.3826,13.5706\right),\left(25.454,13.6406\right),\left(25.5255,13.7105\right),\left(25.5971,13.7803\right),\left(25.6687,13.8501\right),\left(25.7404,13.9198\right),\left(25.8122,13.9895\right),\left(25.884,14.0591\right),\left(25.9559,14.1286\right),\left(26.0279,14.198\right),\left(26.0999,14.2673\right),\left(26.1721,14.3366\right),\left(26.2443,14.4058\right),\left(26.3166,14.4749\right),\left(26.3889,14.5439\right),\left(26.4614,14.6128\right),\left(26.5339,14.6816\right),\left(26.6066,14.7504\right),\left(26.6793,14.819\right),\left(26.7521,14.8875\right),\left(26.8251,14.956\right),\left(26.8981,15.0243\right),\left(26.9712,15.0925\right),\left(27.0444,15.1606\right),\left(27.1178,15.2286\right),\left(27.1912,15.2965\right),\left(27.2647,15.3642\right),\left(27.3384,15.4319\right),\left(27.4122,15.4994\right),\left(27.486,15.5668\right),\left(27.56,15.6341\right),\left(27.6341,15.7012\right),\left(27.7084,15.7682\right),\left(27.7827,15.8351\right),\left(27.8572,15.9018\right),\left(27.9318,15.9684\right),\left(28.0065,16.0349\right),\left(28.0814,16.1012\right),\left(28.1564,16.1674\right),\left(28.2315,16.2334\right),\left(28.3068,16.2992\right),\left(28.3822,16.365\right),\left(28.4577,16.4305\right),\left(28.5334,16.4959\right),\left(28.6092,16.5611\right),\left(28.6851,16.6262\right),\left(28.7612,16.6911\right),\left(28.8375,16.7558\right),\left(28.9139,16.8203\right),\left(28.9904,16.8847\right),\left(29.0671,16.9489\right),\left(29.144,17.0129\right),\left(29.221,17.0767\right),\left(29.2981,17.1404\right),\left(29.3754,17.2038\right),\left(29.4529,17.2671\right),\left(29.5305,17.3301\right),\left(29.6083,17.393\right),\left(29.6863,17.4556\right),\left(29.7644,17.5181\right),\left(29.8426,17.5804\right),\left(29.9211,17.6424\right),\left(29.9997,17.7042\right),\left(30.0785,17.7659\right),\left(30.1574,17.8273\right),\left(30.2365,17.8885\right),\left(30.3158,17.9494\right),\left(30.3953,18.0102\right),\left(30.4749,18.0707\right),\left(30.5547,18.131\right),\left(30.6347,18.191\right),\left(30.7149,18.2508\right),\left(30.7952,18.3104\right),\left(30.8757,18.3698\right),\left(30.9564,18.4289\right),\left(31.0373,18.4877\right),\left(31.1184,18.5463\right),\left(31.1996,18.6047\right),\left(31.281,18.6628\right),\left(31.3627,18.7206\right),\left(31.4444,18.7782\right),\left(31.5264,18.8355\right),\left(31.6086,18.8926\right),\left(31.6909,18.9494\right),\left(31.7735,19.0059\right),\left(31.8562,19.0621\right),\left(31.9391,19.1181\right),\left(32.0222,19.1738\right),\left(32.1055,19.2292\right),\left(32.1889,19.2844\right),\left(32.2726,19.3392\right),\left(32.3564,19.3938\right),\left(32.4405,19.4481\right),\left(32.5247,19.5021\right),\left(32.6091,19.5557\right),\left(32.6937,19.6091\right),\left(32.7785,19.6622\right),\left(32.8634,19.715\right),\left(32.9486,19.7675\right),\left(33.034,19.8197\right),\left(33.1195,19.8716\right),\left(33.2052,19.9231\right),\left(33.2912,19.9744\right),\left(33.3773,20.0253\right),\left(33.4636,20.0759\right),\left(33.5501,20.1262\right),\left(33.6367,20.1762\right),\left(33.7236,20.2259\right),\left(33.8106,20.2752\right),\left(33.8979,20.3242\right),\left(33.9853,20.3729\right),\left(34.0729,20.4212\right),\left(34.1607,20.4692\right),\left(34.2487,20.5169\right),\left(34.3368,20.5642\right),\left(34.4252,20.6112\right),\left(34.5137,20.6578\right),\left(34.6024,20.7041\right),\left(34.6913,20.7501\right),\left(34.7803,20.7957\right),\left(34.8696,20.841\right),\left(34.959,20.8859\right),\left(35.0486,20.9304\right),\left(35.1384,20.9746\right),\left(35.2283,21.0185\right),\left(35.3184,21.062\right),\left(35.4087,21.1051\right),\left(35.4992,21.1479\right),\left(35.5899,21.1903\right),\left(35.6807,21.2323\right),\left(35.7717,21.274\right),\left(35.8628,21.3153\right),\left(35.9541,21.3563\right),\left(36.0456,21.3969\right),\left(36.1372,21.4371\right),\left(36.229,21.4769\right),\left(36.321,21.5164\right),\left(36.4131,21.5555\right),\left(36.5054,21.5942\right),\left(36.5979,21.6326\right),\left(36.6905,21.6705\right),\left(36.7832,21.7081\right),\left(36.8761,21.7454\right),\left(36.9692,21.7822\right),\left(37.0624,21.8187\right),\left(37.1558,21.8548\right),\left(37.2493,21.8905\right),\left(37.3429,21.9258\right),\left(37.4367,21.9608\right),\left(37.5306,21.9953\right),\left(37.6247,22.0295\right),\left(37.7189,22.0633\right),\left(37.8133,22.0967\right),\left(37.9078,22.1298\right),\left(38.0024,22.1624\right),\left(38.0971,22.1947\right),\left(38.192,22.2266\right),\left(38.287,22.2581\right),\left(38.3822,22.2892\right),\left(38.4775,22.3199\right),\left(38.5728,22.3503\right),\left(38.6684,22.3803\right),\left(38.764,22.4098\right),\left(38.8598,22.439\right),\left(38.9556,22.4678\right),\left(39.0516,22.4963\right),\left(39.1477,22.5243\right),\left(39.2439,22.552\right),\left(39.3402,22.5793\right),\left(39.4367,22.6062\right),\left(39.5332,22.6327\right),\left(39.6299,22.6588\right),\left(39.7266,22.6845\right),\left(39.8234,22.7099\right),\left(39.9204,22.7349\right),\left(40.0174,22.7595\right),\left(40.1146,22.7837\right),\left(40.2118,22.8076\right),\left(40.3091,22.8311\right),\left(40.4066,22.8542\right),\left(40.5041,22.8769\right),\left(40.6017,22.8992\right),\left(40.6994,22.9212\right),\left(40.7971,22.9428\right),\left(40.895,22.964\right),\left(40.9929,22.9848\right),\left(41.0909,23.0053\right),\left(41.189,23.0254\right),\left(41.2872,23.0451\right),\left(41.3854,23.0645\right),\left(41.4837,23.0835\right),\left(41.5821,23.1021\right),\left(41.6805,23.1204\right),\left(41.779,23.1383\right),\left(41.8776,23.1558\right),\left(41.9763,23.173\right),\left(42.075,23.1898\right),\left(42.1738,23.2063\right),\left(42.2726,23.2223\right),\left(42.3715,23.2381\right),\left(42.4704,23.2535\right),\left(42.5694,23.2685\right),\left(42.6685,23.2831\right),\left(42.7676,23.2975\right),\left(42.8667,23.3114\right),\left(42.9659,23.325\right),\left(43.0652,23.3383\right),\left(43.1645,23.3512\right),\left(43.2638,23.3638\right),\left(43.3632,23.376\right),\left(43.4626,23.3879\right),\left(43.5621,23.3994\right),\left(43.6616,23.4106\right),\left(43.7612,23.4215\right),\left(43.8607,23.432\right),\left(43.9604,23.4422\right),\left(44.06,23.452\right),\left(44.1597,23.4616\right),\left(44.2594,23.4707\right),\left(44.3592,23.4796\right),\left(44.4589,23.4881\right),\left(44.5587,23.4963\right),\left(44.6586,23.5042\right),\left(44.7584,23.5118\right),\left(44.8583,23.519\right),\left(44.9582,23.5259\right),\left(45.0581,23.5325\right),\left(45.1581,23.5388\right),\left(45.258,23.5447\right),\left(45.358,23.5504\right),\left(45.458,23.5557\right),\left(45.558,23.5607\right),\left(45.658,23.5654\right),\left(45.7581,23.5698\right),\left(45.8581,23.5739\right),\left(45.9582,23.5777\right),\left(46.0583,23.5812\right),\left(46.1584,23.5844\right),\left(46.2585,23.5873\right),\left(46.3586,23.5898\right),\left(46.4587,23.5921\right),\left(46.5588,23.5941\right),\left(46.659,23.5958\right),\left(46.7591,23.5972\right),\left(46.8592,23.5983\right),\left(46.9594,23.5992\right),\left(47.0595,23.5997\right),\left(47.1596,23.6\right),\left(47.2,23.6\right),\right]
l_{headings}=\left[0,0.00282884,0.00567364,0.00853444,0.0114113,0.0143042,0.0172132,0.0201384,0.0230798,0.0260374,0.0290112,0.0320013,0.0350077,0.0380304,0.0410694,0.0441248,0.0471965,0.0502846,0.0533891,0.0565099,0.0596471,0.0628007,0.0659706,0.069157,0.0723596,0.0755787,0.078814,0.0820656,0.0853335,0.0886176,0.0919179,0.0952344,0.0985671,0.101916,0.105281,0.108661,0.112058,0.11547,0.118899,0.122343,0.125802,0.129278,0.132768,0.136275,0.139796,0.143333,0.146884,0.150451,0.154033,0.157629,0.16124,0.164865,0.168505,0.172159,0.175827,0.179509,0.183205,0.186915,0.190638,0.194374,0.198123,0.201885,0.20566,0.209447,0.213247,0.217059,0.220882,0.224717,0.228564,0.232422,0.236291,0.240171,0.244061,0.247961,0.251871,0.255791,0.25972,0.263659,0.267606,0.271562,0.275526,0.279498,0.283478,0.287465,0.29146,0.29546,0.299468,0.303481,0.3075,0.311524,0.315554,0.319588,0.323626,0.327668,0.331714,0.335763,0.339815,0.34387,0.347926,0.351984,0.356044,0.360104,0.364165,0.368226,0.372287,0.376347,0.380405,0.384463,0.388518,0.392571,0.396622,0.400669,0.404712,0.408752,0.412787,0.416817,0.420842,0.424861,0.428874,0.432881,0.43688,0.440872,0.444856,0.448832,0.452799,0.456757,0.460706,0.464645,0.468573,0.47249,0.476396,0.480291,0.484173,0.488043,0.4919,0.495744,0.499574,0.50339,0.507191,0.510978,0.514749,0.518505,0.522244,0.525968,0.529674,0.533363,0.537035,0.540689,0.544324,0.547941,0.551539,0.555117,0.558676,0.562215,0.565734,0.569232,0.572709,0.576164,0.579598,0.58301,0.5864,0.589767,0.593112,0.596433,0.599731,0.603006,0.606256,0.609483,0.612684,0.615862,0.619014,0.622141,0.625242,0.628318,0.631368,0.634392,0.63739,0.640361,0.643305,0.646223,0.649113,0.651976,0.654812,0.65762,0.660399,0.663151,0.665875,0.66857,0.671237,0.673876,0.676485,0.679066,0.681617,0.684139,0.686632,0.689096,0.69153,0.693934,0.696308,0.698653,0.700967,0.703251,0.705505,0.707729,0.709923,0.712086,0.714218,0.71632,0.718391,0.720431,0.722441,0.72442,0.726367,0.728284,0.730169,0.732024,0.733847,0.735639,0.7374,0.739129,0.740827,0.742494,0.744129,0.745732,0.747304,0.748845,0.750354,0.751832,0.753277,0.754691,0.756074,0.757425,0.758744,0.760031,0.761287,0.76251,0.763702,0.764863,0.765991,0.767088,0.768152,0.769185,0.770186,0.771156,0.772093,0.772998,0.773872,0.774714,0.775523,0.776301,0.777047,0.777762,0.778444,0.779094,0.779712,0.780299,0.780853,0.781376,0.781867,0.782326,0.782753,0.783148,0.783511,0.783842,0.784141,0.784408,0.784644,0.784847,0.785019,0.785159,0.785266,0.785342,0.785386,0.785398,0.785378,0.785326,0.785242,0.785127,0.784979,0.784799,0.784588,0.784345,0.784069,0.783762,0.783423,0.783052,0.782649,0.782214,0.781747,0.781248,0.780718,0.780155,0.779561,0.778934,0.778276,0.777586,0.776864,0.77611,0.775324,0.774506,0.773656,0.772775,0.771861,0.770916,0.769939,0.76893,0.767889,0.766816,0.765712,0.764575,0.763407,0.762207,0.760975,0.759712,0.758416,0.757089,0.75573,0.75434,0.752918,0.751464,0.749979,0.748462,0.746913,0.745333,0.743721,0.742078,0.740403,0.738697,0.73696,0.735191,0.733391,0.73156,0.729698,0.727804,0.725879,0.723924,0.721937,0.719919,0.717871,0.715792,0.713682,0.711541,0.70937,0.707169,0.704937,0.702675,0.700382,0.69806,0.695707,0.693325,0.690912,0.68847,0.685999,0.683498,0.680967,0.678408,0.675819,0.673201,0.670555,0.66788,0.665176,0.662444,0.659684,0.656896,0.65408,0.651236,0.648365,0.645467,0.642541,0.639588,0.636609,0.633603,0.630571,0.627512,0.624428,0.621318,0.618183,0.615022,0.611837,0.608627,0.605392,0.602133,0.59885,0.595544,0.592214,0.588861,0.585485,0.582087,0.578667,0.575224,0.57176,0.568275,0.564768,0.561241,0.557694,0.554127,0.55054,0.546933,0.543308,0.539664,0.536002,0.532322,0.528624,0.524909,0.521178,0.51743,0.513665,0.509886,0.506091,0.502281,0.498456,0.494618,0.490766,0.4869,0.483022,0.479131,0.475228,0.471314,0.467388,0.463452,0.459505,0.455548,0.451582,0.447606,0.443622,0.43963,0.43563,0.431622,0.427608,0.423586,0.419559,0.415526,0.411488,0.407445,0.403398,0.399347,0.395291,0.391233,0.387173,0.38311,0.379045,0.374978,0.370911,0.366843,0.362774,0.358706,0.354638,0.350572,0.346506,0.342443,0.338381,0.334322,0.330266,0.326214,0.322165,0.31812,0.314079,0.310043,0.306012,0.301987,0.297967,0.293954,0.289947,0.285947,0.281954,0.277968,0.27399,0.27002,0.266059,0.262106,0.258162,0.254227,0.250302,0.246387,0.242482,0.238587,0.234702,0.230828,0.226966,0.223114,0.219275,0.215447,0.211631,0.207827,0.204035,0.200257,0.196491,0.192738,0.188998,0.185271,0.181559,0.177859,0.174174,0.170503,0.166846,0.163203,0.159575,0.155961,0.152362,0.148778,0.145209,0.141655,0.138116,0.134593,0.131085,0.127592,0.124115,0.120653,0.117208,0.113778,0.110364,0.106966,0.103584,0.100218,0.0968685,0.0935351,0.0902178,0.0869167,0.0836319,0.0803635,0.0771116,0.0738757,0.0706565,0.0674537,0.0642672,0.0610972,0.0579437,0.0548066,0.0516861,0.048582,0.0454942,0.0424229,0.0393682,0.0363298,0.0333079,0.030302,0.0273129,0.0243399,0.0213833,0.018443,0.0155189,0.0126111,0.00971939,0.00684385,0.0039844,0.00114108,6.28319,\right]
running path!
lin/ang/drive_left/drive_right/tv_l/tv_r/av_l/av_r/x/y/theta/tx/ty/ttheta: 0.39305 0.67892 0.00000 0.00000 1.00000 1.00000 0.00017 0.00017 0.00000 -0.00454 -0.00042 0.99845 0.01435 1.66222
lin/ang/drive_left/drive_right/tv_l/tv_r/av_l/av_r/x/y/theta/tx/ty/ttheta: 0.39305 0.67897 0.06051 0.06505 0.39191 0.60087 0.16461 0.20619 0.00001 -0.00454 -0.00061 0.99845 0.01435 1.66222
lin/ang/drive_left/drive_right/tv_l/tv_r/av_l/av_r/x/y/theta/tx/ty/ttheta: 0.39306 0.67595 0.28095 0.57011 0.29068 0.34339 0.37181 0.50014 -0.00009 -0.00403 0.01066 0.99845 0.01435 1.66222
lin/ang/drive_left/drive_right/tv_l/tv_r/av_l/av_r/x/y/theta/tx/ty/ttheta: 0.39327 0.69591 0.21568 0.38188 0.29253 0.40807 0.31142 0.40519 -0.00240 -0.00742 -0.06387 0.99845 0.01435 1.66222
lin/ang/drive_left/drive_right/tv_l/tv_r/av_l/av_r/x/y/theta/tx/ty/ttheta: 0.39330 0.67005 0.18521 0.22735 0.34586 0.47609 0.27772 0.36786 -0.00261 0.00751 -0.03754 0.99845 0.01435 1.66222
lin/ang/drive_left/drive_right/tv_l/tv_r/av_l/av_r/x/y/theta/tx/ty/ttheta: 0.40498 0.62438 0.23405 0.26582 0.41064 0.54091 0.30989 0.42419 0.12315 0.06689 0.06176 1.09827 0.01740 1.83354
lin/ang/drive_left/drive_right/tv_l/tv_r/av_l/av_r/x/y/theta/tx/ty/ttheta: 0.43610 0.61009 0.29024 0.34751 0.48227 0.65521 0.36772 0.45825 0.27157 0.14259 0.17415 1.29786 0.02439 2.17898
lin/ang/drive_left/drive_right/tv_l/tv_r/av_l/av_r/x/y/theta/tx/ty/ttheta: 0.46072 0.70800 0.39398 0.48864 0.28110 0.66441 0.43239 0.51178 0.46616 0.13871 0.27659 1.49741 0.03259 2.52816
lin/ang/drive_left/drive_right/tv_l/tv_r/av_l/av_r/x/y/theta/tx/ty/ttheta: 0.47663 0.84581 0.32569 0.58459 0.24444 0.62631 0.32800 0.55064 0.73441 0.11030 0.35884 1.69691 0.04201 2.88109
lin/ang/drive_left/drive_right/tv_l/tv_r/av_l/av_r/x/y/theta/tx/ty/ttheta: 0.50884 1.01339 0.39571 0.55520 0.27518 0.78207 0.25256 0.51025 1.02046 0.09441 0.50629 1.99604 0.05847 3.41753
lin/ang/drive_left/drive_right/tv_l/tv_r/av_l/av_r/x/y/theta/tx/ty/ttheta: 0.55016 1.22418 0.44779 0.61161 0.26927 0.90249 0.26078 0.55236 1.37799 0.05623 0.89684 2.39461 0.08480 4.14590
lin/ang/drive_left/drive_right/tv_l/tv_r/av_l/av_r/x/y/theta/tx/ty/ttheta: 0.56919 1.36687 0.36351 0.62004 0.25296 0.80198 0.25733 0.50136 1.74867 0.00492 1.43573 2.69330 0.10791 4.70201
lin/ang/drive_left/drive_right/tv_l/tv_r/av_l/av_r/x/y/theta/tx/ty/ttheta: 0.60458 1.53753 0.48194 0.65764 0.26775 0.94527 0.25136 0.54261 2.11122 -0.03890 2.10142 3.09118 0.14326 5.45653
lin/ang/drive_left/drive_right/tv_l/tv_r/av_l/av_r/x/y/theta/tx/ty/ttheta: 0.63146 1.68348 0.52213 0.80892 0.21820 0.87376 0.25119 0.57047 2.53882 -0.06443 2.81566 3.48856 0.18391 6.22583
lin/ang/drive_left/drive_right/tv_l/tv_r/av_l/av_r/x/y/theta/tx/ty/ttheta: 0.66831 1.85811 0.48648 0.68509 0.26196 1.00000 0.22961 0.54994 3.00955 -0.07398 3.64206 3.98445 0.24229 7.20795
lin/ang/drive_left/drive_right/tv_l/tv_r/av_l/av_r/x/y/theta/tx/ty/ttheta: 0.70242 1.97593 0.44628 0.76656 0.31855 0.99884 0.24725 0.50886 3.48250 -0.06086 4.63882 4.47926 0.30927 8.21235
lin/ang/drive_left/drive_right/tv_l/tv_r/av_l/av_r/x/y/theta/tx/ty/ttheta: 0.73067 2.07390 0.58265 0.87613 0.25489 0.98579 0.28489 0.62642 3.99526 -0.03604 5.73009 4.97282 0.38500 9.23837
lin/ang/drive_left/drive_right/tv_l/tv_r/av_l/av_r/x/y/theta/tx/ty/ttheta: 0.74622 2.07178 0.55671 0.78601 0.26593 0.93296 0.27256 0.49347 4.46606 0.00824 6.89286 5.36664 0.45200 10.07417
lin/ang/drive_left/drive_right/tv_l/tv_r/av_l/av_r/x/y/theta/tx/ty/ttheta: 0.78370 2.18364 0.53402 0.99608 0.32212 1.00000 0.25014 0.66286 4.99936 0.07384 8.10198 5.95543 0.56337 11.35161
lin/ang/drive_left/drive_right/tv_l/tv_r/av_l/av_r/x/y/theta/tx/ty/ttheta: 0.80583 2.20551 0.63257 0.89299 0.27638 1.00000 0.31192 0.56467 5.52113 0.16535 9.32713 6.44409 0.66628 12.43654
lin/ang/drive_left/drive_right/tv_l/tv_r/av_l/av_r/x/y/theta/tx/ty/ttheta: 0.82570 2.21009 0.63840 1.04859 0.27577 0.93894 0.27994 0.75117 6.05213 0.27146 10.61646 6.93070 0.77850 13.53848
lin/ang/drive_left/drive_right/tv_l/tv_r/av_l/av_r/x/y/theta/tx/ty/ttheta: 0.85509 2.24769 0.60015 0.75316 0.33128 1.00000 0.28269 0.42178 6.61227 0.40705 11.97913 7.51166 0.92559 14.88089
lin/ang/drive_left/drive_right/tv_l/tv_r/av_l/av_r/x/y/theta/tx/ty/ttheta: 0.85647 2.21853 0.63689 0.91979 0.23795 0.96875 0.30492 0.55661 7.21197 0.56954 13.42998 8.08901 1.08635 16.24211
lin/ang/drive_left/drive_right/tv_l/tv_r/av_l/av_r/x/y/theta/tx/ty/ttheta: 0.84880 2.19063 0.53013 1.19879 0.30884 0.71271 0.27186 0.64117 7.79928 0.73723 14.84168 8.66238 1.26087 17.61845
lin/ang/drive_left/drive_right/tv_l/tv_r/av_l/av_r/x/y/theta/tx/ty/ttheta: 0.84887 2.19838 0.60923 1.03930 0.29146 0.82125 0.27925 0.66700 8.32796 0.90260 16.12140 9.23141 1.44919 19.00583
lin/ang/drive_left/drive_right/tv_l/tv_r/av_l/av_r/x/y/theta/tx/ty/ttheta: 0.84027 2.10123 0.65418 1.07474 0.28491 0.69645 0.28642 0.70958 8.86711 1.10336 17.50448 9.70201 1.61664 20.16722
lin/ang/drive_left/drive_right/tv_l/tv_r/av_l/av_r/x/y/theta/tx/ty/ttheta: 0.84152 2.09461 0.56968 1.01942 0.30904 0.82714 0.28525 0.63689 9.51174 1.36077 18.95447 10.35499 1.86705 21.79563
lin/ang/drive_left/drive_right/tv_l/tv_r/av_l/av_r/x/y/theta/tx/ty/ttheta: 0.85016 2.07455 0.66218 1.17459 0.31640 0.59196 0.29361 0.72175 10.11400 1.61822 20.48567 11.00063 2.13591 23.41975
lin/ang/drive_left/drive_right/tv_l/tv_r/av_l/av_r/x/y/theta/tx/ty/ttheta: 0.86000 2.07840 0.57595 1.06372 0.34884 0.66263 0.31178 0.63619 10.74272 1.88464 22.01601 11.63847 2.42293 25.03139
lin/ang/drive_left/drive_right/tv_l/tv_r/av_l/av_r/x/y/theta/tx/ty/ttheta: 0.86610 1.95954 0.73414 1.14217 0.34793 0.53107 0.32956 0.63036 11.31849 2.18033 23.63938 12.17866 2.68309 26.39651
lin/ang/drive_left/drive_right/tv_l/tv_r/av_l/av_r/x/y/theta/tx/ty/ttheta: 0.87581 1.82581 0.63949 1.06437 0.42632 0.56152 0.34169 0.56586 11.87775 2.49930 25.24299 12.71257 2.95596 27.74107
lin/ang/drive_left/drive_right/tv_l/tv_r/av_l/av_r/x/y/theta/tx/ty/ttheta: 0.90223 1.81074 0.82491 1.08036 0.36748 0.73646 0.37950 0.54533 12.54373 2.88970 26.78543 13.41440 3.33894 29.49296
lin/ang/drive_left/drive_right/tv_l/tv_r/av_l/av_r/x/y/theta/tx/ty/ttheta: 0.93470 1.77748 0.71426 1.16875 0.47172 0.74146 0.37011 0.65756 13.08486 3.22564 28.20233 14.01883 3.69130 30.97918
lin/ang/drive_left/drive_right/tv_l/tv_r/av_l/av_r/x/y/theta/tx/ty/ttheta: 0.96337 1.74093 0.84912 1.22732 0.42743 0.70106 0.42606 0.71369 13.68064 3.60993 29.57160 14.61412 4.05898 32.41416
lin/ang/drive_left/drive_right/tv_l/tv_r/av_l/av_r/x/y/theta/tx/ty/ttheta: 0.99084 1.67451 0.68012 1.21846 0.59505 0.69307 0.42708 0.69744 14.27452 4.02273 30.93271 15.20024 4.44118 33.79118
lin/ang/drive_left/drive_right/tv_l/tv_r/av_l/av_r/x/y/theta/tx/ty/ttheta: 1.01760 1.58310 0.92000 1.17675 0.53926 0.71119 0.50819 0.67586 14.86741 4.45563 32.30314 15.77727 4.83706 35.10424
lin/ang/drive_left/drive_right/tv_l/tv_r/av_l/av_r/x/y/theta/tx/ty/ttheta: 1.05720 1.53852 0.74149 1.17156 0.68380 0.84516 0.52939 0.69128 15.46684 4.90843 33.58555 16.42577 5.30512 36.51975
lin/ang/drive_left/drive_right/tv_l/tv_r/av_l/av_r/x/y/theta/tx/ty/ttheta: 1.08988 1.48284 0.98527 1.21176 0.59276 0.82224 0.59664 0.75647 16.01545 5.32170 34.74395 16.98392 5.72733 37.67883
lin/ang/drive_left/drive_right/tv_l/tv_r/av_l/av_r/x/y/theta/tx/ty/ttheta: 1.12922 1.62254 1.01574 1.23251 0.49310 1.00000 0.60725 0.71350 16.69365 5.71405 35.74316 17.61161 6.22309 38.90760
lin/ang/drive_left/drive_right/tv_l/tv_r/av_l/av_r/x/y/theta/tx/ty/ttheta: 1.16677 1.59455 0.88931 1.24072 0.68373 0.94904 0.51933 0.74383 17.32558 6.24163 36.63951 18.22903 6.73164 40.02984
lin/ang/drive_left/drive_right/tv_l/tv_r/av_l/av_r/x/y/theta/tx/ty/ttheta: 1.20387 1.57568 1.15989 1.20744 0.59105 1.00000 0.60231 0.72722 17.98580 6.78429 37.48329 18.83688 7.25163 41.04211
lin/ang/drive_left/drive_right/tv_l/tv_r/av_l/av_r/x/y/theta/tx/ty/ttheta: 1.26119 1.54353 1.10305 1.17805 0.74273 1.00000 0.60061 0.68031 18.62473 7.33111 38.33920 19.51030 7.84860 42.04633
lin/ang/drive_left/drive_right/tv_l/tv_r/av_l/av_r/x/y/theta/tx/ty/ttheta: 1.30798 1.48531 0.98289 1.42398 0.84198 1.00000 0.66047 0.83572 19.26231 7.88275 39.09432 20.10065 8.38845 42.81739
lin/ang/drive_left/drive_right/tv_l/tv_r/av_l/av_r/x/y/theta/tx/ty/ttheta: 1.37380 1.44852 1.23683 1.53312 0.86334 1.00000 0.72361 0.89817 19.93123 8.46685 39.73350 20.75676 9.00445 43.54657
lin/ang/drive_left/drive_right/tv_l/tv_r/av_l/av_r/x/y/theta/tx/ty/ttheta: 1.43448 1.35855 1.26406 1.42485 0.91047 1.00000 0.69539 0.90089 20.59906 9.06905 40.34421 21.40580 9.62794 44.12843
lin/ang/drive_left/drive_right/tv_l/tv_r/av_l/av_r/x/y/theta/tx/ty/ttheta: 1.48408 1.19483 1.30923 1.44905 0.94816 1.00000 0.73233 0.90019 21.25596 9.70812 40.88381 22.04928 10.25716 44.56245
lin/ang/drive_left/drive_right/tv_l/tv_r/av_l/av_r/x/y/theta/tx/ty/ttheta: 1.53914 0.98941 1.02979 1.48904 1.00000 1.00000 0.65242 0.91219 22.03205 10.44706 41.40709 22.83054 11.03151 44.89186
lin/ang/drive_left/drive_right/tv_l/tv_r/av_l/av_r/x/y/theta/tx/ty/ttheta: 1.56282 0.73522 1.38465 1.46375 1.00000 0.92245 0.74075 0.90586 22.74779 11.13189 41.87797 23.53813 11.73813 44.99930
lin/ang/drive_left/drive_right/tv_l/tv_r/av_l/av_r/x/y/theta/tx/ty/ttheta: 1.52450 0.38735 1.48904 1.40929 0.75230 0.53813 0.87658 0.76844 23.42104 11.80404 42.38611 24.24552 12.44495 44.92386
lin/ang/drive_left/drive_right/tv_l/tv_r/av_l/av_r/x/y/theta/tx/ty/ttheta: 1.47223 0.04189 1.40821 1.38227 0.71570 0.39621 0.74553 0.66081 24.19344 12.55383 42.79964 24.95497 13.14971 44.66554
lin/ang/drive_left/drive_right/tv_l/tv_r/av_l/av_r/x/y/theta/tx/ty/ttheta: 1.42945 -0.31050 1.42615 1.28978 0.76268 0.39763 0.71061 0.51569 24.92419 13.26543 43.00201 25.74040 13.91984 44.17023
lin/ang/drive_left/drive_right/tv_l/tv_r/av_l/av_r/x/y/theta/tx/ty/ttheta: 1.36972 -0.68666 1.45489 1.13655 0.68446 0.28866 0.73356 0.42967 25.76069 14.11080 42.97508 26.53394 14.68163 43.45405
lin/ang/drive_left/drive_right/tv_l/tv_r/av_l/av_r/x/y/theta/tx/ty/ttheta: 1.32026 -1.04579 1.40324 1.01639 0.74387 0.33199 0.70019 0.36872 26.52481 14.85666 42.79622 27.33838 15.43189 42.51794
WARNING - pros.serial.terminal.terminal:reader - Connection to /dev/ttyACM1 broken - pros-cli version:3.5.6
WARNING - pros.serial.terminal.terminal:stop - Stopping terminal - pros-cli version:3.5.6

[tomas@nixbtw:~/projects/Robotics/current/libs/lyfast]$ t
Not sending analytics for this command.

Established terminal connection
WARNING - pros.serial.terminal.terminal:stop - Stopping terminal - pros-cli version:3.5.6

[tomas@nixbtw:~/projects/Robotics/current/libs/lyfast]$ ^C

[tomas@nixbtw:~/projects/Robotics/current/libs/lyfast]$ b

