
[tomas@nixbtw:~/projects/Robotics/current/libs/lyfast]$ t
Not sending analytics for this command.

Established terminal connection
LQR:computing forwards angle



         _+=+_
      .-`  .  `-.          8888888b.  8888888b.   .d88888b.   .d8888b.
   _+`     "     `+_       888   Y88b 888   Y88b d88P" "Y88b d88P  Y88b
  \\\sssssssssssss///      888    888 888    888 888     888 Y88b.
     .ss\  *  /ss.         888   d88P 888   d88P 888     888  "Y888b.
 .+bm  .s  *  s.  md+.     8888888P"  8888888P"  888     888     "Y88b.
.hMMMMs .  *  . sMMMMh.    888        888 T88b   888     888       "888
 `\hMMMb \ | / dMMMh:      888        888  T88b  Y88b. .d88P Y88b  d88P
   -SNMNo  -  oNMNs-       888        888   T88b  "Y88888P"   "Y8888P"
     `+dMh\./dMd/
        `:yNy:`                      Powered by PROS for VEX V5
           "                Copyright (c) Purdue University ACM SIGBots
Version:        4.2.1     Platform:  V1.1.5 (b18)     Uptime:    0.000 s
Compiled:   Jan  1 1980 00:00:00     Directory:


starting task: 2309178
timed correctly: 2312068
start is 0.000 0.000
dist/lin/ang/drive_left/drive_right/tv_l/tv_r/av_l/av_r/x/y/theta/t_err: 0.60960 0.08636 0.00000 0.00000 0.00000 0.00017 0.00017 0.00017 0.00017 0.00000 -0.00000 -0.00059 0.00001
target: 0.08636 0.00000
fb: 0.00000 0.00000 0.50835 0.50921
fb: 0.00000 0.00000 0.50835 0.50921
dist/lin/ang/drive_left/drive_right/tv_l/tv_r/av_l/av_r/x/y/theta/t_err: 0.60960 0.17272 0.00000 0.00000 0.00000 0.06364 0.18122 0.06364 0.18122 0.00000 -0.00000 -0.00144 0.00003
target: 0.17272 0.00000
fb: 0.00000 0.00000 0.54807 0.54980
fb: -0.00000 0.00263 0.54807 0.54980
dist/lin/ang/drive_left/drive_right/tv_l/tv_r/av_l/av_r/x/y/theta/t_err: 0.60960 0.25908 0.00000 -0.00263 0.00262 0.44064 0.46389 0.44064 0.46389 -0.00000 -0.00000 0.00322 -0.00006
target: 0.25908 0.00000
fb: 0.02513 0.00618 0.58780 0.59039
fb: 0.13962 0.00930 0.58780 0.59039
dist/lin/ang/drive_left/drive_right/tv_l/tv_r/av_l/av_r/x/y/theta/t_err: 0.60681 0.34544 0.00000 0.13032 0.14892 0.48339 0.51058 0.48339 0.51058 0.10993 0.00008 0.06789 -0.00119
target: 0.34544 0.00000
fb: 0.21929 0.00000 0.29859 0.30204
fb: 0.22883 -0.00519 0.28428 0.28773
dist/lin/ang/drive_left/drive_right/tv_l/tv_r/av_l/av_r/x/y/theta/t_err: 0.60223 0.43180 0.00000 0.23402 0.22365 0.44469 0.46028 0.44469 0.46028 0.29012 0.00031 0.05959 -0.00105
target: 0.43180 0.00000
fb: 0.30255 -0.00085 0.21342 0.21774
fb: 0.31995 0.00682 0.18733 0.19165
dist/lin/ang/drive_left/drive_right/tv_l/tv_r/av_l/av_r/x/y/theta/t_err: 0.59583 0.51816 0.00000 0.31313 0.32677 0.26900 0.27222 0.26900 0.27222 0.54204 0.00055 0.06963 -0.00124
target: 0.51816 0.00000
fb: 0.28306 0.00519 0.28238 0.28756
fb: 0.27359 -0.00163 0.29658 0.30176
dist/lin/ang/drive_left/drive_right/tv_l/tv_r/av_l/av_r/x/y/theta/t_err: 0.59036 0.60452 0.00000 0.27523 0.27196 0.22006 0.22842 0.22006 0.22842 0.75747 0.00089 0.09538 -0.00170
target: 0.60452 0.00000
fb: 0.25202 -0.00817 0.36867 0.37471
fb: 0.27148 -0.01122 0.33948 0.34552
dist/lin/ang/drive_left/drive_right/tv_l/tv_r/av_l/av_r/x/y/theta/t_err: 0.58493 0.69088 0.00000 0.28270 0.26026 0.29619 0.29858 0.29619 0.29858 0.97124 0.00110 0.01613 -0.00033
target: 0.69088 0.00000
fb: 0.29689 -0.01563 0.34109 0.34800
fb: 0.35121 -0.02202 0.25962 0.26653
dist/lin/ang/drive_left/drive_right/tv_l/tv_r/av_l/av_r/x/y/theta/t_err: 0.57791 0.77724 0.00000 0.37322 0.32919 0.32358 0.33228 0.32358 0.33228 1.24778 0.00081 -0.13759 0.00237
target: 0.77724 0.00000
fb: 0.42295 -0.02408 0.19172 0.19949
fb: 0.43840 -0.01982 0.16855 0.17632
dist/lin/ang/drive_left/drive_right/tv_l/tv_r/av_l/av_r/x/y/theta/t_err: 0.56914 0.86360 0.00000 0.45822 0.41858 0.24658 0.24214 0.24658 0.24214 1.59297 -0.00063 -0.33210 0.00582
target: 0.86360 0.00000
fb: 0.43856 -0.00476 0.20804 0.21667
fb: 0.42280 0.00241 0.23167 0.24031
dist/lin/ang/drive_left/drive_right/tv_l/tv_r/av_l/av_r/x/y/theta/t_err: 0.56068 0.94996 0.00000 0.42039 0.42522 0.18222 0.18942 0.18222 0.18942 1.92588 -0.00269 -0.35458 0.00631
target: 0.94996 0.00000
fb: 0.38767 0.00362 0.32409 0.33359
fb: 0.38392 0.00277 0.32972 0.33922
dist/lin/ang/drive_left/drive_right/tv_l/tv_r/av_l/av_r/x/y/theta/t_err: 0.55300 1.03632 0.00000 0.38115 0.38669 0.25139 0.26300 0.25139 0.26300 2.22818 -0.00448 -0.32557 0.00589
target: 1.03632 0.00000
fb: 0.41129 0.00376 0.32840 0.33876
fb: 0.42474 0.00561 0.30822 0.31858
dist/lin/ang/drive_left/drive_right/tv_l/tv_r/av_l/av_r/x/y/theta/t_err: 0.54451 1.12268 0.00000 0.41913 0.43035 0.30306 0.31089 0.30306 0.31089 2.56261 -0.00630 -0.29407 0.00543
target: 1.12268 0.00000
fb: 0.44019 0.00192 0.32477 0.33600
fb: 0.45587 -0.00206 0.30124 0.31247
dist/lin/ang/drive_left/drive_right/tv_l/tv_r/av_l/av_r/x/y/theta/t_err: 0.53539 1.20904 0.00000 0.45793 0.45381 0.29997 0.30906 0.29997 0.30906 2.92157 -0.00809 -0.28559 0.00537
target: 1.20904 0.00000
fb: 0.48282 -0.00412 0.30055 0.31264
fb: 0.51196 -0.00412 0.25684 0.26893
dist/lin/ang/drive_left/drive_right/tv_l/tv_r/av_l/av_r/x/y/theta/t_err: 0.52515 1.29540 0.00000 0.51608 0.50784 0.29414 0.30219 0.29414 0.30219 3.32468 -0.01022 -0.32164 0.00611
target: 1.29540 0.00000
fb: 0.48680 -0.00078 0.33430 0.34726
fb: 0.46735 0.00277 0.36347 0.37643
dist/lin/ang/drive_left/drive_right/tv_l/tv_r/av_l/av_r/x/y/theta/t_err: 0.51581 1.38176 0.00000 0.46458 0.47013 0.28064 0.29208 0.28064 0.29208 3.69267 -0.01231 -0.31984 0.00619
target: 1.38176 0.00000
fb: 0.44814 0.00185 0.43202 0.44583
fb: 0.47331 0.00000 0.39427 0.40808
dist/lin/ang/drive_left/drive_right/tv_l/tv_r/av_l/av_r/x/y/theta/t_err: 0.50634 1.46812 0.00000 0.47331 0.47331 0.35264 0.37319 0.35264 0.37319 4.06535 -0.01435 -0.31417 0.00620
target: 1.46812 0.00000
fb: 0.51569 0.00000 0.37042 0.38511
fb: 0.51767 0.00142 0.36745 0.38213
dist/lin/ang/drive_left/drive_right/tv_l/tv_r/av_l/av_r/x/y/theta/t_err: 0.49599 1.55448 0.00000 0.51625 0.51909 0.37286 0.38275 0.37286 0.38275 4.47295 -0.01661 -0.31559 0.00636
target: 1.55448 0.00000
fb: 0.56246 0.00000 0.34000 0.35554
fb: 0.59358 -0.00241 0.29331 0.30885
dist/lin/ang/drive_left/drive_right/tv_l/tv_r/av_l/av_r/x/y/theta/t_err: 0.48412 1.64084 0.00000 0.59600 0.59117 0.34086 0.35986 0.34086 0.35986 4.94033 -0.01919 -0.32367 0.00666
target: 1.64084 0.00000
fb: 0.56821 -0.00121 0.37109 0.38750
fb: 0.57791 0.00192 0.35654 0.37295
dist/lin/ang/drive_left/drive_right/tv_l/tv_r/av_l/av_r/x/y/theta/t_err: 0.47256 1.62501 0.00000 0.57599 0.57983 0.32186 0.33317 0.32186 0.33317 5.39537 -0.02179 -0.32514 0.00685
target: 1.62501 0.00000
fb: 0.61099 0.00241 -0.32023 -0.30398
fb: 0.58363 0.00199 -0.27918 -0.26293
dist/lin/ang/drive_left/drive_right/tv_l/tv_r/av_l/av_r/x/y/theta/t_err: 0.46089 1.60481 0.00000 0.58164 0.58562 0.16206 0.22878 0.16206 0.22878 5.85492 -0.02434 -0.30961 0.00674
target: 1.60481 0.00000
fb: 0.59533 0.00121 -0.32565 -0.30960
fb: 0.59732 0.00000 -0.32864 -0.31259
dist/lin/ang/drive_left/drive_right/tv_l/tv_r/av_l/av_r/x/y/theta/t_err: 0.44894 1.58388 0.00000 0.59732 0.59732 -0.22636 -0.21181 -0.22636 -0.21181 6.32524 -0.02683 -0.30026 0.00676
target: 1.58388 0.00000
fb: 0.54102 0.01335 -0.25716 -0.24132
fb: 0.46355 0.00213 -0.14094 -0.12510
dist/lin/ang/drive_left/drive_right/tv_l/tv_r/av_l/av_r/x/y/theta/t_err: 0.43967 1.56744 0.00000 0.46142 0.46568 -0.26708 -0.25614 -0.26708 -0.25614 6.69023 -0.02853 -0.23394 0.00573
target: 1.56744 0.00000
fb: 0.34908 -0.00710 0.20342 0.21910
fb: 0.25404 -0.00923 0.34598 0.36166
dist/lin/ang/drive_left/drive_right/tv_l/tv_r/av_l/av_r/x/y/theta/t_err: 0.43459 1.55836 0.00000 0.26327 0.24481 -0.02531 -0.00733 -0.02531 -0.00733 6.89026 -0.02945 -0.30413 0.00703
target: 1.55836 0.00000
fb: 0.19996 0.00085 0.45603 0.47162
fb: 0.18423 0.00753 0.47963 0.49521
dist/lin/ang/drive_left/drive_right/tv_l/tv_r/av_l/av_r/x/y/theta/t_err: 0.43090 1.55174 0.00000 0.17670 0.19176 0.32492 0.34206 0.32492 0.34206 7.03532 -0.03021 -0.28114 0.00669
target: 1.55174 0.00000
fb: 0.18994 0.00391 0.47909 0.49461
fb: 0.18048 0.00000 0.49329 0.50881
dist/lin/ang/drive_left/drive_right/tv_l/tv_r/av_l/av_r/x/y/theta/t_err: 0.42729 1.54522 0.00000 0.18048 0.18048 0.44114 0.46578 0.44114 0.46578 7.17743 -0.03086 -0.25881 0.00635
target: 1.54522 0.00000
fb: 0.21914 -0.00618 0.43279 0.44824
fb: 0.30830 -0.00298 0.29905 0.31450
dist/lin/ang/drive_left/drive_right/tv_l/tv_r/av_l/av_r/x/y/theta/t_err: 0.42113 1.53404 0.00000 0.31128 0.30531 0.44247 0.46028 0.44247 0.46028 7.42018 -0.03206 -0.29881 0.00715
target: 1.53404 0.00000
fb: 0.36079 0.00000 0.19411 0.20945
fb: 0.41504 0.00412 0.11274 0.12808
dist/lin/ang/drive_left/drive_right/tv_l/tv_r/av_l/av_r/x/y/theta/t_err: 0.41283 1.51884 0.00000 0.41093 0.41916 0.28011 0.31175 0.28011 0.31175 7.74698 -0.03374 -0.28147 0.00699
target: 1.51884 0.00000
fb: 0.39555 0.01556 0.11696 0.13215
fb: 0.31614 -0.00511 0.23609 0.25128
dist/lin/ang/drive_left/drive_right/tv_l/tv_r/av_l/av_r/x/y/theta/t_err: 0.40650 1.50717 0.00000 0.32125 0.31102 0.14372 0.15981 0.14372 0.15981 7.99591 -0.03471 -0.20374 0.00572
target: 1.50717 0.00000
fb: 0.27941 -0.01627 0.30163 0.31671
fb: 0.22891 -0.00241 0.37739 0.39246
dist/lin/ang/drive_left/drive_right/tv_l/tv_r/av_l/av_r/x/y/theta/t_err: 0.40193 1.49866 0.00000 0.23133 0.22650 0.23186 0.23444 0.23186 0.23444 8.17615 -0.03552 -0.30239 0.00752
target: 1.49866 0.00000
fb: 0.20541 0.01698 0.42296 0.43795
fb: 0.27327 0.02152 0.32118 0.33617
dist/lin/ang/drive_left/drive_right/tv_l/tv_r/av_l/av_r/x/y/theta/t_err: 0.39646 1.48843 0.00000 0.25174 0.29479 0.34242 0.36344 0.34242 0.36344 8.39132 -0.03638 -0.15405 0.00502
target: 1.48843 0.00000
fb: 0.37434 0.00689 0.15717 0.17205
fb: 0.46158 -0.00135 -0.13370 -0.11881
dist/lin/ang/drive_left/drive_right/tv_l/tv_r/av_l/av_r/x/y/theta/t_err: 0.38723 1.47100 0.00000 0.46293 0.46023 0.30303 0.27222 0.30303 0.27222 8.75477 -0.03713 -0.10877 0.00433
target: 1.47100 0.00000
fb: 0.47311 -0.00384 -0.19144 -0.17673
fb: 0.38971 -0.00341 0.09365 0.10836
dist/lin/ang/drive_left/drive_right/tv_l/tv_r/av_l/av_r/x/y/theta/t_err: 0.37944 1.45612 0.00000 0.39312 0.38630 -0.03544 -0.05219 -0.03544 -0.05219 9.06163 -0.03779 -0.14039 0.00498
target: 1.45612 0.00000
fb: 0.38020 0.00462 0.11256 0.12712
fb: 0.37638 0.01840 0.11829 0.13285
dist/lin/ang/drive_left/drive_right/tv_l/tv_r/av_l/av_r/x/y/theta/t_err: 0.37191 1.44160 0.00000 0.35798 0.39477 0.05117 0.05425 0.05117 0.05425 9.35799 -0.03839 -0.06515 0.00376
target: 1.44160 0.00000
fb: 0.30038 0.02855 0.22725 0.24166
fb: 0.27124 0.01406 0.27095 0.28537
dist/lin/ang/drive_left/drive_right/tv_l/tv_r/av_l/av_r/x/y/theta/t_err: 0.36648 1.43105 0.00000 0.25718 0.28531 0.12853 0.14100 0.12853 0.14100 9.57156 -0.03824 0.12566 0.00046
target: 1.43105 0.00000
fb: 0.28497 0.01534 0.26334 0.27765
fb: 0.30815 0.01634 0.22857 0.24288
dist/lin/ang/drive_left/drive_right/tv_l/tv_r/av_l/av_r/x/y/theta/t_err: 0.36032 1.41897 0.00000 0.29181 0.32449 0.23819 0.24997 0.23819 0.24997 9.81420 -0.03743 0.25234 -0.00177
target: 1.41897 0.00000
fb: 0.32381 0.01570 0.19264 0.20683
fb: 0.34721 0.01158 0.15754 0.17173
dist/lin/ang/drive_left/drive_right/tv_l/tv_r/av_l/av_r/x/y/theta/t_err: 0.35338 1.40523 0.00000 0.33563 0.35878 0.22656 0.24025 0.22656 0.24025 10.08758 -0.03590 0.37750 -0.00401
target: 1.40523 0.00000
fb: 0.35274 0.01215 0.13547 0.14952
fb: 0.30618 0.01058 0.20531 0.21936
dist/lin/ang/drive_left/drive_right/tv_l/tv_r/av_l/av_r/x/y/theta/t_err: 0.34725 1.39300 0.00000 0.29560 0.31676 0.15897 0.17725 0.15897 0.17725 10.32866 -0.03410 0.48384 -0.00595
target: 1.39300 0.00000
fb: 0.28128 0.00227 0.24383 0.25776
fb: 0.27735 0.00199 0.24973 0.26366
dist/lin/ang/drive_left/drive_right/tv_l/tv_r/av_l/av_r/x/y/theta/t_err: 0.34171 1.38183 0.00000 0.27536 0.27933 0.17522 0.19403 0.17522 0.19403 10.54704 -0.03220 0.51059 -0.00652
target: 1.38183 0.00000
fb: 0.25595 0.00199 0.28145 0.29527
fb: 0.28509 -0.00128 0.23774 0.25156
dist/lin/ang/drive_left/drive_right/tv_l/tv_r/av_l/av_r/x/y/theta/t_err: 0.33600 1.37025 0.00000 0.28637 0.28381 0.22914 0.24881 0.22914 0.24881 10.77151 -0.03019 0.51185 -0.00665
target: 1.37025 0.00000
fb: 0.31799 -0.00291 0.18124 0.19494
fb: 0.33168 -0.00455 0.16070 0.17440
dist/lin/ang/drive_left/drive_right/tv_l/tv_r/av_l/av_r/x/y/theta/t_err: 0.32937 1.35666 0.00000 0.33623 0.32713 0.22947 0.22706 0.22947 0.22706 11.03267 -0.02793 0.47908 -0.00621
target: 1.35666 0.00000
fb: 0.35707 -0.00803 0.10729 0.12085
fb: 0.35311 -0.00852 0.11322 0.12679
dist/lin/ang/drive_left/drive_right/tv_l/tv_r/av_l/av_r/x/y/theta/t_err: 0.32231 1.34204 0.00000 0.36164 0.34459 0.16067 0.16150 0.16067 0.16150 11.31070 -0.02576 0.41178 -0.00516
target: 1.34204 0.00000
fb: 0.34715 -0.00270 0.11081 0.12423
fb: 0.32570 0.00213 0.14298 0.15640
dist/lin/ang/drive_left/drive_right/tv_l/tv_r/av_l/av_r/x/y/theta/t_err: 0.31579 1.32841 0.00000 0.32357 0.32784 0.11772 0.13022 0.11772 0.13022 11.56715 -0.02397 0.39938 -0.00504
target: 1.32841 0.00000
fb: 0.34310 0.00540 0.11508 0.12836
fb: 0.35874 0.00753 0.09161 0.10490
dist/lin/ang/drive_left/drive_right/tv_l/tv_r/av_l/av_r/x/y/theta/t_err: 0.30862 1.31323 0.00000 0.35121 0.36627 0.13158 0.13981 0.13158 0.13981 11.84962 -0.02188 0.45508 -0.00614
target: 1.31323 0.00000
fb: 0.31039 0.01207 0.15020 0.16333
fb: 0.31037 0.01570 0.15024 0.16337
dist/lin/ang/drive_left/drive_right/tv_l/tv_r/av_l/av_r/x/y/theta/t_err: 0.30241 1.29996 0.00000 0.29467 0.32606 0.11125 0.12933 0.11125 0.12933 12.09399 -0.01971 0.57036 -0.00830
target: 1.29996 0.00000
fb: 0.32557 0.01634 0.12990 0.14289
fb: 0.30417 0.01428 0.16200 0.17500
dist/lin/ang/drive_left/drive_right/tv_l/tv_r/av_l/av_r/x/y/theta/t_err: 0.29633 1.28681 0.00000 0.28989 0.31844 0.14136 0.14903 0.14136 0.14903 12.33348 -0.01703 0.70756 -0.01089
target: 1.28681 0.00000
fb: 0.32184 0.01122 0.13004 0.14291
fb: 0.33555 0.00597 0.10948 0.12235
dist/lin/ang/drive_left/drive_right/tv_l/tv_r/av_l/av_r/x/y/theta/t_err: 0.28962 1.27216 0.00000 0.32958 0.34151 0.14508 0.15347 0.14508 0.15347 12.59767 -0.01356 0.79197 -0.01263
target: 1.27216 0.00000
fb: 0.29874 -0.00071 0.15114 0.16386
fb: 0.29083 -0.00376 0.16300 0.17573
dist/lin/ang/drive_left/drive_right/tv_l/tv_r/av_l/av_r/x/y/theta/t_err: 0.28380 1.25932 0.00000 0.29460 0.28707 0.13106 0.14114 0.13106 0.14114 12.82665 -0.01039 0.78815 -0.01283
target: 1.25932 0.00000
fb: 0.30829 -0.00689 0.13908 0.15167
fb: 0.31626 -0.00788 0.12713 0.13972
dist/lin/ang/drive_left/drive_right/tv_l/tv_r/av_l/av_r/x/y/theta/t_err: 0.27748 1.24521 0.00000 0.32414 0.30837 0.14392 0.15811 0.14392 0.15811 13.07565 -0.00708 0.72989 -0.01209
target: 1.24521 0.00000
fb: 0.32399 -0.00859 0.10332 0.11577
fb: 0.31230 -0.00895 0.12085 0.13330
dist/lin/ang/drive_left/drive_right/tv_l/tv_r/av_l/av_r/x/y/theta/t_err: 0.27123 1.23112 0.00000 0.32125 0.30335 0.11808 0.13431 0.11808 0.13431 13.32153 -0.00410 0.65783 -0.01110
target: 1.23112 0.00000
fb: 0.30060 -0.00703 0.13200 0.14431
fb: 0.30257 -0.00419 0.12904 0.14135
dist/lin/ang/drive_left/drive_right/tv_l/tv_r/av_l/av_r/x/y/theta/t_err: 0.26518 1.21731 0.00000 0.30676 0.29838 0.12031 0.13278 0.12031 0.13278 13.55976 -0.00148 0.60788 -0.01047
target: 1.21731 0.00000
fb: 0.28137 -0.00270 0.15577 0.16794
fb: 0.27341 -0.00213 0.16770 0.17987
dist/lin/ang/drive_left/drive_right/tv_l/tv_r/av_l/av_r/x/y/theta/t_err: 0.25971 1.20469 0.00000 0.27554 0.27128 0.13378 0.14322 0.13378 0.14322 13.77504 0.00077 0.58967 -0.01037
target: 1.20469 0.00000
fb: 0.26370 -0.00135 0.18184 0.19389
fb: 0.26193 -0.00071 0.18450 0.19654
dist/lin/ang/drive_left/drive_right/tv_l/tv_r/av_l/av_r/x/y/theta/t_err: 0.25448 1.19248 0.00000 0.26264 0.26122 0.16186 0.17075 0.16186 0.17075 13.98127 0.00288 0.58329 -0.01047
target: 1.19248 0.00000
fb: 0.27340 0.00000 0.16350 0.17542
fb: 0.25199 0.00085 0.19561 0.20754
dist/lin/ang/drive_left/drive_right/tv_l/tv_r/av_l/av_r/x/y/theta/t_err: 0.24944 1.18061 0.00000 0.25113 0.25284 0.17181 0.17353 0.17181 0.17353 14.17967 0.00490 0.58976 -0.01079
target: 1.18061 0.00000
fb: 0.25021 0.00305 0.19436 0.20617
fb: 0.27160 0.00653 0.16229 0.17409
dist/lin/ang/drive_left/drive_right/tv_l/tv_r/av_l/av_r/x/y/theta/t_err: 0.24400 1.16769 0.00000 0.26506 0.27813 0.18186 0.18650 0.18186 0.18650 14.39352 0.00716 0.62756 -0.01170
target: 1.16769 0.00000
fb: 0.26364 0.00788 0.16352 0.17520
fb: 0.29078 0.00533 0.12280 0.13448
dist/lin/ang/drive_left/drive_right/tv_l/tv_r/av_l/av_r/x/y/theta/t_err: 0.23819 1.15369 0.00000 0.28545 0.29611 0.16169 0.16650 0.16169 0.16650 14.62246 0.00980 0.68230 -0.01295
target: 1.15369 0.00000
fb: 0.31418 0.00447 -0.08357 0.08797
fb: 0.29874 0.00362 0.09959 0.11113
dist/lin/ang/drive_left/drive_right/tv_l/tv_r/av_l/av_r/x/y/theta/t_err: 0.23222 1.13913 0.00000 0.29512 0.30236 0.07425 0.11842 0.07425 0.11842 14.85768 0.01267 0.71707 -0.01390
target: 1.13913 0.00000
fb: 0.29103 0.00000 0.10193 0.11333
fb: 0.25597 -0.00334 0.15453 0.16592
dist/lin/ang/drive_left/drive_right/tv_l/tv_r/av_l/av_r/x/y/theta/t_err: 0.22710 1.12651 0.00000 0.25931 0.25263 0.07719 0.11431 0.07719 0.11431 15.05921 0.01520 0.71404 -0.01416
target: 1.12651 0.00000
fb: 0.23458 -0.00348 0.18951 0.20077
fb: 0.25400 -0.00156 0.16038 0.17165
dist/lin/ang/drive_left/drive_right/tv_l/tv_r/av_l/av_r/x/y/theta/t_err: 0.22202 1.11384 0.00000 0.25556 0.25243 0.14561 0.16411 0.14561 0.16411 15.25919 0.01765 0.69379 -0.01413
target: 1.11384 0.00000
fb: 0.26193 0.00000 0.14246 0.15360
fb: 0.26390 0.00334 0.13950 0.15064
dist/lin/ang/drive_left/drive_right/tv_l/tv_r/av_l/av_r/x/y/theta/t_err: 0.21674 1.10052 0.00000 0.26056 0.26724 0.14903 0.16050 0.14903 0.16050 15.46697 0.02018 0.70364 -0.01465
target: 1.10052 0.00000
fb: 0.26939 0.00938 0.12223 0.13324
fb: 0.26560 0.01080 0.12791 0.13891
dist/lin/ang/drive_left/drive_right/tv_l/tv_r/av_l/av_r/x/y/theta/t_err: 0.21143 1.08695 0.00000 0.25480 0.27640 0.13228 0.14100 0.13228 0.14100 15.67609 0.02289 0.78662 -0.01648
target: 1.08695 0.00000
fb: 0.26383 0.00959 0.12320 0.13407
fb: 0.24221 0.00732 0.15562 0.16649
dist/lin/ang/drive_left/drive_right/tv_l/tv_r/av_l/av_r/x/y/theta/t_err: 0.20658 1.07443 0.00000 0.23490 0.24953 0.12356 0.13039 0.12356 0.13039 15.86679 0.02564 0.86661 -0.01828
target: 1.07443 0.00000
fb: 0.23450 0.00689 0.16613 0.17688
fb: 0.24818 0.00732 0.14561 0.15635
dist/lin/ang/drive_left/drive_right/tv_l/tv_r/av_l/av_r/x/y/theta/t_err: 0.20162 1.06144 0.00000 0.24087 0.25550 0.14767 0.15042 0.14767 0.15042 16.06218 0.02870 0.93106 -0.01987
target: 1.06144 0.00000
fb: 0.23847 0.00803 0.15213 0.16274
fb: 0.24642 0.00803 0.14021 0.15082
dist/lin/ang/drive_left/drive_right/tv_l/tv_r/av_l/av_r/x/y/theta/t_err: 0.19669 1.04839 0.00000 0.23839 0.25445 0.14339 0.14697 0.14339 0.14697 16.25619 0.03197 0.99618 -0.02152
target: 1.04839 0.00000
fb: 0.25790 0.00582 0.11669 0.12717
fb: 0.25593 0.00462 0.11965 0.13013
dist/lin/ang/drive_left/drive_right/tv_l/tv_r/av_l/av_r/x/y/theta/t_err: 0.19158 1.03467 0.00000 0.25131 0.26054 0.12664 0.14322 0.12664 0.14322 16.45767 0.03556 1.04025 -0.02287
target: 1.03467 0.00000
fb: 0.25395 0.00362 0.11325 0.12360
fb: 0.23255 0.00149 0.14534 0.15569
dist/lin/ang/drive_left/drive_right/tv_l/tv_r/av_l/av_r/x/y/theta/t_err: 0.18693 1.02203 0.00000 0.23106 0.23405 0.11172 0.12628 0.11172 0.12628 16.64075 0.03892 1.06338 -0.02385
target: 1.02203 0.00000
fb: 0.23080 0.00000 0.14709 0.15731
fb: 0.23676 0.00121 0.13814 0.14837
dist/lin/ang/drive_left/drive_right/tv_l/tv_r/av_l/av_r/x/y/theta/t_err: 0.18219 1.00901 0.00000 0.23555 0.23797 0.13311 0.14083 0.13311 0.14083 16.82715 0.04240 1.07200 -0.02462
target: 1.00901 0.00000
fb: 0.22307 0.00241 0.15092 0.16101
fb: 0.23079 0.00270 0.13934 0.14943
dist/lin/ang/drive_left/drive_right/tv_l/tv_r/av_l/av_r/x/y/theta/t_err: 0.17758 0.99615 -0.00000 0.22810 0.23349 0.13569 0.14167 0.13569 0.14167 17.00884 0.04582 1.08951 -0.02557
target: 0.99615 0.00000
fb: 0.23477 0.00199 0.12821 0.13817
fb: 0.27140 0.00206 -0.08674 0.08322
dist/lin/ang/drive_left/drive_right/tv_l/tv_r/av_l/av_r/x/y/theta/t_err: 0.17209 0.98064 -0.00000 0.26934 0.27346 0.12628 0.13569 0.12628 0.13569 17.22250 0.04991 1.10214 -0.02579
target: 0.98064 0.00000
fb: 0.29854 0.00206 -0.14652 -0.13671
fb: 0.24051 0.00114 0.10054 0.11034
dist/lin/ang/drive_left/drive_right/tv_l/tv_r/av_l/av_r/x/y/theta/t_err: 0.16728 0.96683 -0.00000 0.23937 0.24164 -0.05389 0.00275 -0.05389 0.00275 17.41184 0.05358 1.11716 -0.02605
target: 0.96683 0.00000
fb: 0.21535 -0.00057 0.13959 0.14925
fb: 0.22485 -0.00178 0.12534 0.13501
dist/lin/ang/drive_left/drive_right/tv_l/tv_r/av_l/av_r/x/y/theta/t_err: 0.16278 0.95375 0.00000 0.22663 0.22308 0.07564 0.09839 0.07564 0.09839 17.58886 0.05703 1.11469 -0.02601
target: 0.95375 0.00000
fb: 0.21515 -0.00206 0.13712 0.14665
fb: 0.21537 -0.00057 0.13679 0.14633
dist/lin/ang/drive_left/drive_right/tv_l/tv_r/av_l/av_r/x/y/theta/t_err: 0.15848 0.94105 0.00000 0.21594 0.21480 0.11789 0.13056 0.11789 0.13056 17.75841 0.06031 1.10562 -0.02585
target: 0.94105 0.00000
fb: 0.20940 0.00057 0.14162 0.15103
fb: 0.21139 0.00071 0.13865 0.14806
dist/lin/ang/drive_left/drive_right/tv_l/tv_r/av_l/av_r/x/y/theta/t_err: 0.15425 0.92841 -0.00000 0.21068 0.21210 0.13244 0.13981 0.13244 0.13981 17.92483 0.06353 1.11281 -0.02598
target: 0.92841 0.00000
fb: 0.23279 0.00185 0.10101 0.11030
fb: 0.21711 0.00256 0.12452 0.13381
dist/lin/ang/drive_left/drive_right/tv_l/tv_r/av_l/av_r/x/y/theta/t_err: 0.14991 0.91524 -0.00000 0.21456 0.21967 0.11978 0.13192 0.11978 0.13192 18.09575 0.06688 1.13074 -0.02629
target: 0.91524 0.00000
fb: 0.20365 0.00199 0.13629 0.14545
fb: 0.19020 0.00000 0.15647 0.16562
dist/lin/ang/drive_left/drive_right/tv_l/tv_r/av_l/av_r/x/y/theta/t_err: 0.14610 0.90355 -0.00000 0.19020 0.19020 0.12044 0.13281 0.12044 0.13281 18.24548 0.06985 1.14399 -0.02652
target: 0.90355 0.00000
fb: 0.18822 -0.00121 0.16069 0.16973
fb: 0.20168 0.00313 0.14051 0.14954
dist/lin/ang/drive_left/drive_right/tv_l/tv_r/av_l/av_r/x/y/theta/t_err: 0.14207 0.89099 -0.00000 0.19855 0.20481 0.14681 0.14833 0.14681 0.14833 18.40425 0.07302 1.14685 -0.02657
target: 0.89099 0.00000
fb: 0.19194 0.00760 0.14542 0.15433
fb: 0.19766 0.00838 0.13685 0.14576
dist/lin/ang/drive_left/drive_right/tv_l/tv_r/av_l/av_r/x/y/theta/t_err: 0.13811 0.87849 -0.00000 0.18927 0.20604 0.14031 0.14011 0.14031 0.14011 18.55985 0.07622 1.20891 -0.02765
target: 0.87849 0.00000
fb: 0.21135 0.00320 0.11084 0.11962
fb: 0.19594 -0.00298 0.13395 0.14273
dist/lin/ang/drive_left/drive_right/tv_l/tv_r/av_l/av_r/x/y/theta/t_err: 0.13419 0.86594 -0.00000 0.19892 0.19295 0.11878 0.12972 0.11878 0.12972 18.71410 0.07950 1.21769 -0.02781
target: 0.86594 0.00000
fb: 0.18429 -0.00717 0.14540 0.15406
fb: 0.19402 -0.00817 0.13080 0.13946
dist/lin/ang/drive_left/drive_right/tv_l/tv_r/av_l/av_r/x/y/theta/t_err: 0.13031 0.85334 0.00000 0.20219 0.18585 0.12506 0.13431 0.12506 0.13431 18.86684 0.08267 1.15229 -0.02667
target: 0.85334 0.00000
fb: 0.18608 -0.00696 0.13675 0.14528
fb: 0.18806 -0.00597 0.13378 0.14231
dist/lin/ang/drive_left/drive_right/tv_l/tv_r/av_l/av_r/x/y/theta/t_err: 0.12656 0.84095 0.00000 0.19402 0.18209 0.12286 0.13244 0.12286 0.13244 19.01488 0.08556 1.09193 -0.02561
target: 0.84095 0.00000
fb: 0.20173 -0.00412 0.10850 0.11691
fb: 0.21341 -0.00298 0.09097 0.09938
dist/lin/ang/drive_left/drive_right/tv_l/tv_r/av_l/av_r/x/y/theta/t_err: 0.12229 0.82666 0.00000 0.21639 0.21043 0.11481 0.12783 0.11481 0.12783 19.18289 0.08870 1.05428 -0.02496
target: 0.82666 0.00000
fb: 0.20568 -0.00185 0.08743 0.09570
fb: 0.20764 0.00149 0.08448 0.09275
dist/lin/ang/drive_left/drive_right/tv_l/tv_r/av_l/av_r/x/y/theta/t_err: 0.11814 0.81251 0.00000 0.20615 0.20913 0.09431 0.09994 0.09431 0.09994 19.34636 0.09169 1.05118 -0.02490
target: 0.81251 0.00000
fb: 0.22682 0.00440 -0.11017 -0.10205
fb: 0.23077 0.00497 -0.11611 -0.10798
dist/lin/ang/drive_left/drive_right/tv_l/tv_r/av_l/av_r/x/y/theta/t_err: 0.11352 0.79646 -0.00000 0.22580 0.23574 0.00806 0.03542 0.00806 0.03542 19.52804 0.09509 1.09469 -0.02566
target: 0.79646 0.00000
fb: 0.21731 0.00412 -0.11178 -0.10381
fb: 0.20165 0.00256 -0.08829 -0.08032
dist/lin/ang/drive_left/drive_right/tv_l/tv_r/av_l/av_r/x/y/theta/t_err: 0.10948 0.78218 -0.00000 0.19909 0.20421 -0.10061 -0.08967 -0.10061 -0.08967 19.68679 0.09818 1.13073 -0.02629
target: 0.78218 0.00000
fb: 0.19196 0.00071 0.08758 0.09540
fb: 0.16856 0.00760 0.37551 0.38334
dist/lin/ang/drive_left/drive_right/tv_l/tv_r/av_l/av_r/x/y/theta/t_err: 0.10611 0.77003 -0.00000 0.16096 0.17616 -0.00889 -0.00103 -0.00889 -0.00103 19.81949 0.10082 1.15790 -0.02676
target: 0.77003 0.00000
fb: 0.13185 0.02266 0.37957 0.38727
fb: 0.11041 0.01520 0.37957 0.38727
dist/lin/ang/drive_left/drive_right/tv_l/tv_r/av_l/av_r/x/y/theta/t_err: 0.10389 0.76193 -0.00000 0.09520 0.12561 0.29569 0.30322 0.29569 0.30322 19.90640 0.10271 1.32169 -0.02962
target: 0.76193 0.00000
fb: 0.12191 0.01243 0.39401 0.40163
fb: 0.13959 0.01023 0.39401 0.40163
dist/lin/ang/drive_left/drive_right/tv_l/tv_r/av_l/av_r/x/y/theta/t_err: 0.10109 0.75159 -0.00000 0.12936 0.14982 0.35831 0.36944 0.35831 0.36944 20.01628 0.10535 1.42155 -0.03137
target: 0.75159 0.00000
fb: 0.17450 -0.00334 0.37920 0.38672
fb: 0.23856 -0.00213 -0.13864 -0.13112
dist/lin/ang/drive_left/drive_right/tv_l/tv_r/av_l/av_r/x/y/theta/t_err: 0.09632 0.73365 0.00000 0.24069 0.23643 0.36119 0.37217 0.36119 0.37217 20.20407 0.10998 1.39440 -0.03089
target: 0.73365 0.00000
fb: 0.28909 0.00000 -0.25689 -0.24956
fb: 0.28311 -0.00263 -0.24793 -0.24059
dist/lin/ang/drive_left/drive_right/tv_l/tv_r/av_l/av_r/x/y/theta/t_err: 0.09066 0.71176 0.00000 0.28574 0.28049 -0.09686 -0.08969 -0.09686 -0.08969 20.42693 0.11540 1.38524 -0.03073
target: 0.71176 0.00000
fb: 0.23856 -0.00753 -0.20893 -0.20181
fb: 0.19025 -0.00334 -0.13646 -0.12934
dist/lin/ang/drive_left/drive_right/tv_l/tv_r/av_l/av_r/x/y/theta/t_err: 0.08686 0.69668 0.00000 0.19359 0.18691 -0.20464 -0.20278 -0.20464 -0.20278 20.57668 0.11895 1.34039 -0.02995
target: 0.69668 0.00000
fb: 0.16086 0.00511 0.33261 0.33958
fb: 0.12966 0.02259 0.33261 0.33958
dist/lin/ang/drive_left/drive_right/tv_l/tv_r/av_l/av_r/x/y/theta/t_err: 0.08426 0.68616 -0.00000 0.10707 0.15225 -0.10625 -0.01983 -0.10625 -0.01983 20.67875 0.12139 1.43851 -0.03166
target: 0.68616 0.00000
fb: 0.12405 0.02607 0.34832 0.35518
fb: 0.13572 0.02458 0.34832 0.35518
dist/lin/ang/drive_left/drive_right/tv_l/tv_r/av_l/av_r/x/y/theta/t_err: 0.08152 0.67493 -0.00000 0.11115 0.16030 0.26764 0.29994 0.26764 0.29994 20.78558 0.12429 1.66658 -0.03564
target: 0.67493 0.00000
fb: 0.14124 0.02870 0.33992 0.34667
fb: 0.17235 0.02571 0.33992 0.34667
dist/lin/ang/drive_left/drive_right/tv_l/tv_r/av_l/av_r/x/y/theta/t_err: 0.07805 0.66041 -0.00000 0.14664 0.19806 0.32186 0.33414 0.32186 0.33414 20.92122 0.12853 1.89788 -0.03968
target: 0.66041 0.00000
fb: 0.23465 0.00582 -0.19353 -0.18692
fb: 0.27136 0.00824 -0.24860 -0.24200
dist/lin/ang/drive_left/drive_right/tv_l/tv_r/av_l/av_r/x/y/theta/t_err: 0.07262 0.63701 -0.00000 0.26313 0.27960 0.25958 0.15400 0.25958 0.15400 21.13477 0.13573 1.95048 -0.04060
target: 0.63701 0.00000
fb: 0.25589 0.01655 -0.27610 -0.26973
fb: 0.21131 0.00298 -0.20923 -0.20286
dist/lin/ang/drive_left/drive_right/tv_l/tv_r/av_l/av_r/x/y/theta/t_err: 0.06838 0.61815 -0.00000 0.20832 0.21429 -0.17469 -0.20242 -0.17469 -0.20242 21.30106 0.14155 2.04750 -0.04229
target: 0.61815 0.00000
fb: 0.16106 -0.00206 0.27948 0.28566
fb: 0.13195 0.00391 0.27948 0.28566
dist/lin/ang/drive_left/drive_right/tv_l/tv_r/av_l/av_r/x/y/theta/t_err: 0.06574 0.60611 -0.00000 0.12804 0.13586 -0.13447 -0.08986 -0.13447 -0.08986 21.40489 0.14526 2.05107 -0.04235
target: 0.60611 0.00000
fb: 0.10077 0.01648 0.30460 0.31066
fb: 0.12590 0.00703 0.30460 0.31066
dist/lin/ang/drive_left/drive_right/tv_l/tv_r/av_l/av_r/x/y/theta/t_err: 0.06321 0.59433 -0.00000 0.11887 0.13294 0.23697 0.25375 0.23697 0.25375 21.50396 0.14893 2.15580 -0.04418
target: 0.59433 0.00000
fb: 0.16654 0.00462 0.30041 0.30636
fb: 0.15905 0.00703 0.30041 0.30636
dist/lin/ang/drive_left/drive_right/tv_l/tv_r/av_l/av_r/x/y/theta/t_err: 0.06003 0.57916 -0.00000 0.15202 0.16608 0.28558 0.29397 0.28558 0.29397 21.62910 0.15370 2.20603 -0.04506
target: 0.57916 0.00000
fb: 0.17274 0.00618 0.27813 0.28392
fb: 0.22304 0.00732 -0.21643 -0.21064
dist/lin/ang/drive_left/drive_right/tv_l/tv_r/av_l/av_r/x/y/theta/t_err: 0.05556 0.55720 -0.00000 0.21573 0.23036 0.27769 0.28011 0.27769 0.28011 21.80459 0.16053 2.25431 -0.04590
target: 0.55720 0.00000
fb: 0.25590 0.01151 -0.30637 -0.30080
fb: 0.23073 0.01051 -0.26861 -0.26304
dist/lin/ang/drive_left/drive_right/tv_l/tv_r/av_l/av_r/x/y/theta/t_err: 0.05094 0.53350 -0.00000 0.22022 0.24124 -0.13944 -0.10078 -0.13944 -0.10078 21.98613 0.16781 2.34459 -0.04748
target: 0.53350 0.00000
fb: 0.18418 0.00526 -0.21748 -0.21214
fb: 0.14913 -0.00185 0.21879 0.22413
dist/lin/ang/drive_left/drive_right/tv_l/tv_r/av_l/av_r/x/y/theta/t_err: 0.04795 0.51763 -0.00000 0.15098 0.14729 -0.22567 -0.23389 -0.22567 -0.23389 22.10345 0.17266 2.37928 -0.04808
target: 0.51763 0.00000
fb: 0.11254 0.00000 0.24666 0.25184
fb: 0.07566 0.00867 0.24666 0.25184
dist/lin/ang/drive_left/drive_right/tv_l/tv_r/av_l/av_r/x/y/theta/t_err: 0.04643 0.50937 -0.00000 0.06699 0.08432 0.13483 0.10917 0.13483 0.10917 22.16297 0.17514 2.41300 -0.04867
target: 0.50937 0.00000
fb: 0.08710 0.00632 0.27717 0.28226
fb: 0.12617 0.00561 0.27717 0.28226
dist/lin/ang/drive_left/drive_right/tv_l/tv_r/av_l/av_r/x/y/theta/t_err: 0.04390 0.49530 -0.00000 0.12056 0.13178 0.23544 0.23939 0.23544 0.23939 22.26223 0.17937 2.46643 -0.04960
target: 0.49530 0.00000
fb: 0.14161 0.01065 0.24453 0.24949
fb: 0.15307 0.00703 0.24453 0.24949
dist/lin/ang/drive_left/drive_right/tv_l/tv_r/av_l/av_r/x/y/theta/t_err: 0.04083 0.47768 -0.00000 0.14604 0.16011 0.24467 0.26486 0.24467 0.26486 22.38265 0.18464 2.53821 -0.05085
target: 0.47768 0.00000
fb: 0.17649 0.00000 0.22040 0.22518
fb: 0.19595 0.00000 -0.23352 -0.22875
dist/lin/ang/drive_left/drive_right/tv_l/tv_r/av_l/av_r/x/y/theta/t_err: 0.03691 0.45418 0.00000 0.19595 0.19595 0.21867 0.22347 0.21867 0.22347 22.53678 0.19148 2.53631 -0.05082
target: 0.45418 0.00000
fb: 0.21711 0.00625 -0.30249 -0.29795
fb: 0.19194 0.00128 -0.26474 -0.26020
dist/lin/ang/drive_left/drive_right/tv_l/tv_r/av_l/av_r/x/y/theta/t_err: 0.03307 0.42989 -0.00000 0.19066 0.19322 -0.15742 -0.11192 -0.15742 -0.11192 22.68777 0.19822 2.57272 -0.05146
target: 0.42989 0.00000
fb: 0.13371 0.00000 0.16844 0.17274
fb: 0.11431 -0.00384 0.16844 0.17274
dist/lin/ang/drive_left/drive_right/tv_l/tv_r/av_l/av_r/x/y/theta/t_err: 0.03079 0.41477 0.00000 0.11814 0.11047 -0.11703 -0.12233 -0.11703 -0.12233 22.77768 0.20226 2.56537 -0.05133
target: 0.41477 0.00000
fb: 0.08741 -0.00270 0.20276 0.20690
fb: 0.08937 0.00419 0.20276 0.20690
dist/lin/ang/drive_left/drive_right/tv_l/tv_r/av_l/av_r/x/y/theta/t_err: 0.02900 0.40255 0.00000 0.08518 0.09356 0.14953 0.15469 0.14953 0.15469 22.84798 0.20540 2.56377 -0.05130
target: 0.40255 0.00000
fb: 0.12222 0.00234 0.21019 0.21421
fb: 0.13568 0.00384 0.21019 0.21421
dist/lin/ang/drive_left/drive_right/tv_l/tv_r/av_l/av_r/x/y/theta/t_err: 0.02628 0.38323 -0.00000 0.13185 0.13952 0.19472 0.19131 0.19472 0.19131 22.95471 0.21021 2.59185 -0.05179
target: 0.38323 0.00000
fb: 0.14537 0.01016 0.16934 0.17317
fb: 0.14335 0.01286 0.16934 0.17317
dist/lin/ang/drive_left/drive_right/tv_l/tv_r/av_l/av_r/x/y/theta/t_err: 0.02340 0.36164 -0.00000 0.13049 0.15621 0.18036 0.18342 0.18036 0.18342 23.06746 0.21539 2.68120 -0.05335
target: 0.36164 0.00000
fb: 0.16852 0.00320 0.14922 0.15284
fb: 0.18047 0.00440 -0.28148 -0.27786
dist/lin/ang/drive_left/drive_right/tv_l/tv_r/av_l/av_r/x/y/theta/t_err: 0.01979 0.33256 -0.00000 0.17606 0.18487 0.14372 0.15264 0.14372 0.15264 23.20941 0.22207 2.71576 -0.05395
target: 0.33256 0.00000
fb: 0.14362 0.00284 0.10209 0.10541
fb: 0.13570 -0.00277 0.10209 0.10541
dist/lin/ang/drive_left/drive_right/tv_l/tv_r/av_l/av_r/x/y/theta/t_err: 0.01708 0.30891 -0.00000 0.13847 0.13293 -0.06297 -0.03386 -0.06297 -0.03386 23.31614 0.22715 2.72220 -0.05407
target: 0.30891 0.00000
fb: 0.13572 -0.00313 0.11568 0.11877
fb: 0.14146 -0.00192 0.11568 0.11877
dist/lin/ang/drive_left/drive_right/tv_l/tv_r/av_l/av_r/x/y/theta/t_err: 0.01425 0.28219 0.00000 0.14338 0.13955 0.09653 0.09531 0.09653 0.09531 23.42740 0.23242 2.69865 -0.05365
target: 0.28219 0.00000
fb: 0.14742 -0.00455 0.08956 0.09238
fb: 0.14171 -0.00938 0.08956 0.09238
dist/lin/ang/drive_left/drive_right/tv_l/tv_r/av_l/av_r/x/y/theta/t_err: 0.01142 0.25263 0.00000 0.15108 0.13233 0.10094 0.10350 0.10094 0.10350 23.53886 0.23763 2.64733 -0.05276
target: 0.25263 0.00000
fb: 0.15144 -0.01080 -0.09677 -0.09424
fb: 0.15520 -0.00945 -0.09677 -0.09424
final error: 0.41725, x: 0.33906, y: -0.24318
final local error: 0.41725, forwards: 0.32786, sideways: -0.25808
position: 23.66094 0.24318 2.55962
took 2.30000 time to finish turn
WARNING - pros.serial.terminal.terminal:stop - Stopping terminal - pros-cli version:3.5.6

[tomas@nixbtw:~/projects/Robotics/current/libs/lyfast]$ ^C

[tomas@nixbtw:~/projects/Robotics/current/libs/lyfast]$ G

