total distance: 78.136703
delta_distance: 0.100000
allocated for points 791
adding points:1642
isolated constraints:2187
forwards pass:2406
backwards pass:6380
travel times:6473
final time:6484
a_{kin}=\left[20,20,20,20,20,20,20,20,20,20,20,20,20,20,20,20,20,20,20,20,20,20,20,20,20,20,20,20,20,20,20,20,20,20,20,20,20,20,20,20,20,20,20,20,20,20,20,20,20,20,20,20,20,20,20,20,20,20,20,20,20,20,20,20,20,20,20,20,20,20,20,20,20,20,20,20,20,20,20,20,20,20,20,20,20,20,20,20,20,20,20,20,20,20,20,20,20,20,20,20,20,20,20,20,20,20,20,20,20,20,20,20,20,20,20,20,20,20,20,20,20,20,20,20,20,20,20,20,20,20,20,20,20,20,20,20,20,20,20,20,20,20,20,20,20,20,20,20,20,20,20,20,20,20,20,20,20,20,20,20,20,20,20,20,20,20,20,20,20,20,20,20,20,20,20,20,20,20,20,20,20,20,20,20,20,20,20,20,20,20,20,20,20,20,20,20,20,20,20,20,20,20,20,20,20,20,20,20,20,20,20,20,20,20,20,20,20,20,20,20,20,20,20,20,20,20,20,20,20,20,20,20,20,20,20,20,17.417,17.4043,17.3915,17.3788,17.3661,17.3533,17.3406,17.3278,17.315,17.3022,17.2895,17.2767,17.2639,17.2511,17.2384,17.2256,17.2129,17.2001,17.1874,17.1747,17.162,17.1493,17.1367,17.1241,17.1115,17.0989,17.0864,17.074,17.0615,17.0491,17.0368,17.0245,17.0122,17,16.9879,16.9758,16.9637,16.9518,16.9399,16.9281,16.9163,16.9047,16.8931,16.8816,16.8702,16.8589,16.8477,16.8365,16.8255,16.8146,16.8038,16.7931,16.7825,16.7721,16.7618,16.7515,16.7415,16.7315,16.7217,16.7121,16.7026,16.6932,16.684,16.6749,16.666,16.6573,16.6487,16.6403,16.6321,16.6241,16.6162,16.6086,16.6011,16.5938,16.5867,16.5798,16.5732,16.5667,16.5604,16.5544,16.5486,16.543,16.5376,16.5325,16.5276,16.5229,16.5185,16.5143,16.5103,16.5066,16.5032,16.5,16.4971,16.4944,16.492,16.4899,16.488,16.4864,16.4851,16.4841,16.4833,16.4829,16.4827,16.4828,16.4831,16.4838,16.4848,16.486,16.4876,16.4895,16.4916,16.4941,16.4968,16.4999,16.5032,16.5069,16.5109,16.5152,16.5197,16.5246,16.5298,16.5354,16.5412,16.5473,16.5538,16.5605,16.5676,16.575,16.5827,16.5906,16.5989,16.6076,16.6165,16.6257,16.6352,16.6451,16.6552,16.6657,16.6764,16.6875,16.6988,16.7105,16.7224,16.7346,16.7472,16.76,16.7731,16.7865,16.8002,16.8142,16.8284,16.843,16.8578,16.8729,16.8882,16.9039,16.9198,16.936,16.9524,16.9691,16.986,17.0032,17.0207,17.0384,17.0564,17.0746,17.0931,17.1117,17.1307,17.1498,17.1692,17.1889,17.2087,17.2288,17.2491,17.2696,17.2903,17.3113,17.3324,17.3538,17.3754,17.3971,17.4191,17.4413,17.4636,17.4862,17.5089,17.5318,17.5549,17.5782,17.6017,17.6253,17.6491,17.6731,17.6972,17.7216,17.746,17.7707,17.7955,17.8204,17.8455,17.8708,17.8962,17.9217,17.9474,17.9733,17.9993,18.0254,18.0516,18.078,18.1046,18.1312,18.158,18.185,18.212,18.2392,18.2665,18.2939,18.3215,18.3491,18.3769,18.4048,18.4328,18.461,18.4892,18.5176,18.5461,18.5747,18.6034,18.6322,18.6611,18.6901,18.7193,18.7485,18.7779,18.8073,18.8369,18.8666,18.8964,18.9262,18.9562,18.9863,19.0165,19.0468,19.0772,19.1077,19.1383,19.169,19.1998,19.2307,19.2618,19.2929,19.3241,19.3554,19.3869,19.4184,19.45,19.4818,19.5136,19.5456,19.5777,19.6098,19.6421,19.6745,19.707,19.7395,19.7722,19.8051,19.838,19.871,19.9041,19.9374,19.9708,19.9958,19.9623,19.929,19.8958,19.8627,19.8297,19.7968,19.764,19.7313,19.6987,19.6663,19.6339,19.6017,19.5695,19.5375,19.5056,19.4738,19.442,19.4104,19.3789,19.3475,19.3162,19.285,19.2539,19.2229,19.192,19.1612,19.1306,19.1,19.0695,19.0391,19.0089,18.9787,18.9486,18.9187,18.8888,18.8591,18.8294,18.7999,18.7705,18.7411,18.7119,18.6828,18.6538,18.6249,18.5961,18.5674,18.5389,18.5104,18.4821,18.4538,18.4257,18.3977,18.3699,18.3421,18.3145,18.2869,18.2595,18.2323,18.2051,18.1781,18.1512,18.1244,18.0978,18.0713,18.0449,18.0187,17.9926,17.9667,17.9409,17.9152,17.8897,17.8643,17.8391,17.814,17.7891,17.7643,17.7397,17.7153,17.691,17.6669,17.643,17.6192,17.5956,17.5722,17.5489,17.5259,17.503,17.4803,17.4578,17.4355,17.4134,17.3914,17.3697,17.3482,17.3269,17.3058,17.2849,17.2642,17.2437,17.2235,17.2034,17.1836,17.164,17.1447,17.1256,17.1067,17.0881,17.0697,17.0515,17.0336,17.0159,16.9985,16.9814,16.9645,16.9479,16.9315,16.9154,16.8995,16.884,16.8687,16.8536,16.8389,16.8244,16.8102,16.7963,16.7827,16.7694,16.7563,16.7436,16.7311,16.7189,16.7071,16.6955,16.6842,16.6732,16.6626,16.6522,16.6421,16.6324,16.6229,16.6138,16.6049,16.5964,16.5882,16.5803,16.5727,16.5654,16.5584,16.5517,16.5454,16.5393,16.5336,16.5282,16.5231,16.5183,16.5138,16.5096,16.5057,16.5021,16.4988,16.4959,16.4932,16.4909,16.4888,16.487,16.4856,16.4844,16.4836,16.483,16.4827,16.4827,16.483,16.4836,16.4844,16.4856,16.487,16.4887,16.4906,16.4929,16.4954,16.4981,16.5012,16.5044,16.508,16.5118,16.5158,16.5201,16.5246,16.5294,16.5344,16.5397,16.5451,16.5508,16.5567,16.5629,16.5692,16.5758,16.5826,16.5896,16.5967,16.6041,16.6117,16.6194,16.6274,16.6355,16.6438,16.6523,16.661,16.6698,16.6788,16.6879,16.6972,16.7067,16.7163,16.726,16.7359,16.746,16.7561,16.7664,16.7768,16.7874,16.798,16.8088,16.8197,16.8307,16.8418,16.853,16.8643,16.8756,16.8871,16.8987,16.9103,16.9221,16.9339,16.9458,16.9577,16.9697,16.9818,16.994,17.0062,17.0184,17.0308,17.0431,17.0555,17.068,17.0805,17.093,17.1056,17.1182,17.1308,17.1435,17.1562,17.1689,17.1816,17.1944,17.2072,17.2199,17.2327,17.2455,17.2583,17.2711,17.284,17.2968,17.3096,17.3224,17.3352,17.348,17.3608,17.3736,17.3864,17.3991,17.4119,17.417\right]
a_{turn}=\left[\right]
d_{kin}=\left[170,170,170,170,170,170,170,170,170,170,170,170,170,170,170,170,170,170,170,170,170,170,170,170,170,170,170,170,170,170,170,170,170,170,170,170,170,170,170,170,170,170,170,170,170,170,170,170,170,170,170,170,170,170,170,170,170,170,170,170,170,170,170,170,170,170,170,170,170,170,170,170,170,170,170,170,170,170,170,170,170,170,170,170,170,170,170,170,170,170,170,170,170,170,170,170,170,170,170,170,170,170,170,170,170,170,170,170,170,170,170,170,170,170,170,170,170,170,170,170,170,170,170,170,170,170,170,170,170,170,170,170,170,170,170,170,170,170,170,170,170,170,170,170,170,170,170,170,170,170,170,170,170,170,170,170,170,170,170,170,170,170,170,170,170,170,170,170,170,170,170,170,170,170,170,170,170,170,170,170,170,170,170,170,170,170,170,170,170,170,170,170,170,170,170,170,170,170,170,170,170,170,170,170,170,170,170,170,170,170,170,170,170,170,170,170,170,170,170,170,170,170,170,170,170,170,170,170,170,170,170,170,170,170,170,170,148.044,147.936,147.828,147.72,147.612,147.503,147.395,147.286,147.178,147.069,146.96,146.852,146.743,146.635,146.526,146.418,146.309,146.201,146.093,145.985,145.877,145.769,145.662,145.555,145.448,145.341,145.235,145.129,145.023,144.917,144.812,144.708,144.604,144.5,144.397,144.294,144.192,144.09,143.989,143.889,143.789,143.69,143.591,143.494,143.397,143.301,143.205,143.111,143.017,142.924,142.832,142.742,142.652,142.563,142.475,142.388,142.303,142.218,142.135,142.053,141.972,141.892,141.814,141.737,141.661,141.587,141.514,141.443,141.373,141.305,141.238,141.173,141.109,141.047,140.987,140.929,140.872,140.817,140.764,140.712,140.663,140.615,140.57,140.526,140.484,140.445,140.407,140.371,140.338,140.306,140.277,140.25,140.225,140.203,140.182,140.164,140.148,140.135,140.124,140.115,140.108,140.104,140.103,140.103,140.107,140.112,140.121,140.131,140.145,140.16,140.179,140.2,140.223,140.249,140.277,140.309,140.342,140.379,140.418,140.459,140.504,140.551,140.6,140.652,140.707,140.764,140.824,140.887,140.953,141.02,141.091,141.164,141.24,141.318,141.4,141.483,141.569,141.658,141.75,141.843,141.94,142.039,142.14,142.245,142.351,142.46,142.572,142.685,142.802,142.921,143.042,143.165,143.291,143.42,143.55,143.683,143.818,143.956,144.095,144.237,144.381,144.528,144.676,144.827,144.979,145.134,145.291,145.45,145.611,145.774,145.939,146.105,146.274,146.445,146.617,146.792,146.968,147.146,147.326,147.507,147.691,147.876,148.062,148.251,148.441,148.632,148.826,149.021,149.217,149.415,149.614,149.815,150.018,150.221,150.427,150.633,150.841,151.051,151.261,151.473,151.687,151.902,152.118,152.335,152.553,152.773,152.994,153.216,153.439,153.663,153.889,154.115,154.343,154.572,154.802,155.033,155.265,155.498,155.732,155.968,156.204,156.441,156.679,156.918,157.159,157.4,157.642,157.885,158.129,158.374,158.62,158.866,159.114,159.363,159.612,159.862,160.114,160.366,160.619,160.873,161.128,161.384,161.64,161.898,162.156,162.415,162.676,162.937,163.199,163.461,163.725,163.989,164.255,164.521,164.788,165.056,165.325,165.595,165.866,166.138,166.41,166.683,166.958,167.233,167.509,167.786,168.064,168.343,168.623,168.904,169.185,169.468,169.751,169.964,169.68,169.396,169.114,168.833,168.552,168.272,167.994,167.716,167.439,167.163,166.888,166.614,166.341,166.069,165.797,165.527,165.257,164.989,164.721,164.454,164.188,163.923,163.658,163.395,163.132,162.871,162.61,162.35,162.091,161.833,161.575,161.319,161.063,160.809,160.555,160.302,160.05,159.799,159.549,159.3,159.051,158.804,158.557,158.312,158.067,157.823,157.58,157.339,157.098,156.858,156.619,156.381,156.144,155.908,155.673,155.439,155.206,154.974,154.744,154.514,154.285,154.058,153.831,153.606,153.382,153.159,152.937,152.717,152.497,152.279,152.062,151.847,151.632,151.419,151.207,150.997,150.788,150.58,150.374,150.169,149.965,149.763,149.563,149.363,149.166,148.97,148.775,148.582,148.391,148.201,148.013,147.827,147.642,147.46,147.278,147.099,146.921,146.745,146.572,146.399,146.229,146.061,145.894,145.73,145.567,145.407,145.249,145.092,144.938,144.786,144.636,144.488,144.342,144.198,144.057,143.918,143.781,143.646,143.514,143.384,143.256,143.131,143.008,142.887,142.769,142.653,142.54,142.429,142.32,142.214,142.111,142.01,141.912,141.816,141.723,141.632,141.544,141.458,141.375,141.295,141.217,141.142,141.07,141,140.932,140.868,140.806,140.746,140.69,140.636,140.584,140.536,140.489,140.446,140.405,140.367,140.331,140.298,140.268,140.24,140.215,140.192,140.172,140.155,140.14,140.128,140.118,140.11,140.105,140.103,140.103,140.105,140.11,140.118,140.127,140.139,140.154,140.17,140.189,140.211,140.234,140.26,140.288,140.318,140.35,140.384,140.421,140.459,140.5,140.543,140.587,140.634,140.682,140.732,140.784,140.838,140.894,140.952,141.011,141.072,141.135,141.199,141.265,141.333,141.402,141.473,141.545,141.618,141.693,141.77,141.847,141.927,142.007,142.089,142.171,142.255,142.341,142.427,142.514,142.603,142.693,142.783,142.875,142.967,143.061,143.155,143.25,143.346,143.443,143.541,143.639,143.738,143.838,143.938,144.039,144.141,144.243,144.346,144.449,144.553,144.657,144.762,144.867,144.972,145.078,145.184,145.291,145.398,145.505,145.612,145.72,145.828,145.936,146.044,146.152,146.261,146.369,146.478,146.587,146.696,146.805,146.914,147.023,147.132,147.24,147.349,147.458,147.567,147.675,147.784,147.892,148.001,148.044\right]
d_{turn}=\left[\right]
v_{kin}=\left[40,40,40,40,40,40,40,40,40,40,40,40,40,40,40,40,40,40,40,40,40,40,40,40,40,40,40,40,40,40,40,40,40,40,40,40,40,40,40,40,40,40,40,40,40,40,40,40,40,40,40,40,40,40,40,40,40,40,40,40,40,40,40,40,40,40,40,40,40,40,40,40,40,40,40,40,40,40,40,40,40,40,40,40,40,40,40,40,40,40,40,40,40,40,40,40,40,40,40,40,40,40,40,40,40,40,40,40,40,40,40,40,40,40,40,40,40,40,40,40,40,40,40,40,40,40,40,40,40,40,40,40,40,40,40,40,40,40,40,40,40,40,40,40,40,40,40,40,40,40,40,40,40,40,40,40,40,40,40,40,40,40,40,40,40,40,40,40,40,40,40,40,40,40,40,40,40,40,40,40,40,40,40,40,40,40,40,40,40,40,40,40,40,40,40,40,40,40,40,40,40,40,40,40,40,40,40,40,40,40,40,40,40,40,40,40,40,40,40,40,40,40,40,40,40,40,40,40,40,40,40,40,40,40,40,40,34.8339,34.8085,34.7831,34.7576,34.7322,34.7067,34.6811,34.6556,34.63,34.6045,34.5789,34.5534,34.5278,34.5023,34.4767,34.4512,34.4257,34.4002,34.3748,34.3494,34.324,34.2987,34.2734,34.2482,34.223,34.1979,34.1729,34.1479,34.123,34.0982,34.0735,34.0489,34.0244,34,33.9757,33.9515,33.9275,33.9036,33.8798,33.8562,33.8327,33.8094,33.7862,33.7632,33.7404,33.7178,33.6953,33.6731,33.6511,33.6292,33.6076,33.5862,33.5651,33.5442,33.5235,33.5031,33.4829,33.4631,33.4435,33.4241,33.4051,33.3864,33.368,33.3498,33.3321,33.3146,33.2975,33.2807,33.2642,33.2482,33.2325,33.2171,33.2022,33.1876,33.1735,33.1597,33.1463,33.1334,33.1209,33.1088,33.0972,33.086,33.0752,33.0649,33.0551,33.0458,33.0369,33.0286,33.0207,33.0133,33.0064,33,32.9942,32.9889,32.9841,32.9798,32.9761,32.9729,32.9703,32.9682,32.9667,32.9657,32.9653,32.9655,32.9663,32.9676,32.9696,32.9721,32.9752,32.9789,32.9832,32.9881,32.9936,32.9997,33.0065,33.0138,33.0218,33.0303,33.0395,33.0493,33.0597,33.0707,33.0824,33.0946,33.1075,33.121,33.1352,33.1499,33.1653,33.1813,33.1979,33.2151,33.233,33.2514,33.2705,33.2902,33.3104,33.3313,33.3528,33.3749,33.3976,33.4209,33.4448,33.4693,33.4944,33.52,33.5462,33.573,33.6004,33.6284,33.6569,33.686,33.7156,33.7458,33.7765,33.8078,33.8396,33.8719,33.9048,33.9382,33.9721,34.0065,34.0414,34.0768,34.1128,34.1492,34.1861,34.2235,34.2613,34.2997,34.3385,34.3777,34.4174,34.4576,34.4982,34.5392,34.5807,34.6226,34.6649,34.7076,34.7507,34.7943,34.8382,34.8825,34.9272,34.9723,35.0178,35.0637,35.1099,35.1564,35.2034,35.2506,35.2982,35.3462,35.3945,35.4431,35.4921,35.5413,35.5909,35.6408,35.691,35.7415,35.7924,35.8435,35.8949,35.9465,35.9985,36.0508,36.1033,36.1561,36.2091,36.2625,36.3161,36.3699,36.424,36.4784,36.533,36.5878,36.6429,36.6983,36.7538,36.8096,36.8657,36.922,36.9785,37.0352,37.0922,37.1494,37.2068,37.2644,37.3222,37.3803,37.4386,37.4971,37.5558,37.6147,37.6738,37.7332,37.7927,37.8525,37.9125,37.9726,38.033,38.0936,38.1544,38.2154,38.2766,38.338,38.3997,38.4615,38.5235,38.5858,38.6482,38.7109,38.7737,38.8368,38.9001,38.9636,39.0273,39.0912,39.1553,39.2196,39.2842,39.3489,39.4139,39.4791,39.5445,39.6101,39.676,39.742,39.8083,39.8748,39.9415,39.9915,39.9246,39.858,39.7915,39.7253,39.6593,39.5935,39.528,39.4626,39.3975,39.3326,39.2679,39.2034,39.1391,39.075,39.0112,38.9475,38.8841,38.8209,38.7578,38.695,38.6324,38.57,38.5078,38.4458,38.3841,38.3225,38.2611,38.2,38.139,38.0783,38.0177,37.9574,37.8973,37.8374,37.7777,37.7182,37.6589,37.5998,37.5409,37.4823,37.4238,37.3656,37.3076,37.2498,37.1922,37.1349,37.0777,37.0208,36.9641,36.9077,36.8515,36.7955,36.7397,36.6842,36.6289,36.5739,36.5191,36.4645,36.4102,36.3562,36.3024,36.2489,36.1956,36.1426,36.0899,36.0374,35.9852,35.9333,35.8817,35.8304,35.7793,35.7286,35.6782,35.628,35.5782,35.5287,35.4795,35.4306,35.382,35.3338,35.2859,35.2384,35.1912,35.1443,35.0979,35.0517,35.006,34.9606,34.9156,34.8709,34.8267,34.7829,34.7394,34.6964,34.6537,34.6115,34.5697,34.5284,34.4874,34.4469,34.4068,34.3672,34.3281,34.2894,34.2512,34.2134,34.1761,34.1393,34.103,34.0672,34.0319,33.9971,33.9628,33.929,33.8957,33.863,33.8308,33.7991,33.7679,33.7373,33.7073,33.6778,33.6488,33.6205,33.5926,33.5654,33.5387,33.5126,33.4871,33.4622,33.4379,33.4141,33.391,33.3684,33.3465,33.3252,33.3044,33.2843,33.2648,33.2459,33.2276,33.2099,33.1928,33.1764,33.1606,33.1454,33.1308,33.1168,33.1035,33.0908,33.0787,33.0672,33.0564,33.0461,33.0365,33.0275,33.0191,33.0114,33.0042,32.9977,32.9918,32.9864,32.9817,32.9776,32.9741,32.9712,32.9688,32.9671,32.966,32.9654,32.9654,32.966,32.9671,32.9688,32.9711,32.974,32.9773,32.9813,32.9857,32.9907,32.9963,33.0023,33.0089,33.016,33.0235,33.0316,33.0402,33.0493,33.0588,33.0688,33.0793,33.0902,33.1016,33.1135,33.1258,33.1385,33.1516,33.1652,33.1791,33.1935,33.2082,33.2234,33.2389,33.2548,33.2711,33.2877,33.3046,33.322,33.3396,33.3576,33.3759,33.3945,33.4134,33.4326,33.4521,33.4719,33.4919,33.5122,33.5328,33.5536,33.5747,33.596,33.6176,33.6393,33.6613,33.6835,33.7059,33.7285,33.7513,33.7743,33.7974,33.8207,33.8442,33.8678,33.8915,33.9154,33.9395,33.9637,33.988,34.0124,34.0369,34.0615,34.0863,34.1111,34.136,34.161,34.1861,34.2112,34.2364,34.2617,34.287,34.3124,34.3378,34.3633,34.3888,34.4143,34.4399,34.4654,34.4911,34.5167,34.5423,34.5679,34.5935,34.6192,34.6448,34.6704,34.696,34.7216,34.7472,34.7727,34.7982,34.8237,34.834\right]
v_{turn}=\left[7.87402e+07,7.87402e+07,7.87402e+07,7.87402e+07,7.87402e+07,7.87402e+07,7.87402e+07,7.87402e+07,7.87402e+07,7.87402e+07,7.87402e+07,7.87402e+07,7.87402e+07,7.87402e+07,7.87402e+07,7.87402e+07,7.87402e+07,7.87402e+07,7.87402e+07,7.87402e+07,7.87402e+07,7.87402e+07,7.87402e+07,7.87402e+07,7.87402e+07,7.87402e+07,7.87402e+07,7.87402e+07,7.87402e+07,7.87402e+07,7.87402e+07,7.87402e+07,7.87402e+07,7.87402e+07,7.87402e+07,7.87402e+07,7.87402e+07,7.87402e+07,7.87402e+07,7.87402e+07,7.87402e+07,7.87402e+07,7.87402e+07,7.87402e+07,7.87402e+07,7.87402e+07,7.87402e+07,7.87402e+07,7.87402e+07,7.87402e+07,7.87402e+07,7.87402e+07,7.87402e+07,7.87402e+07,7.87402e+07,7.87402e+07,7.87402e+07,7.87402e+07,7.87402e+07,7.87402e+07,7.87402e+07,7.87402e+07,7.87402e+07,7.87402e+07,7.87402e+07,7.87402e+07,7.87402e+07,7.87402e+07,7.87402e+07,7.87402e+07,7.87402e+07,7.87402e+07,7.87402e+07,7.87402e+07,7.87402e+07,7.87402e+07,7.87402e+07,7.87402e+07,7.87402e+07,7.87402e+07,7.87402e+07,7.87402e+07,7.87402e+07,7.87402e+07,7.87402e+07,7.87402e+07,7.87402e+07,7.87402e+07,7.87402e+07,7.87402e+07,7.87402e+07,7.87402e+07,7.87402e+07,7.87402e+07,7.87402e+07,7.87402e+07,7.87402e+07,7.87402e+07,7.87402e+07,7.87402e+07,7.87402e+07,7.87402e+07,7.87402e+07,7.87402e+07,7.87402e+07,7.87402e+07,7.87402e+07,7.87402e+07,7.87402e+07,7.87402e+07,7.87402e+07,7.87402e+07,7.87402e+07,7.87402e+07,7.87402e+07,7.87402e+07,7.87402e+07,7.87402e+07,7.87402e+07,7.87402e+07,7.87402e+07,7.87402e+07,7.87402e+07,7.87402e+07,7.87402e+07,7.87402e+07,7.87402e+07,7.87402e+07,7.87402e+07,7.87402e+07,7.87402e+07,7.87402e+07,7.87402e+07,7.87402e+07,7.87402e+07,7.87402e+07,7.87402e+07,7.87402e+07,7.87402e+07,7.87402e+07,7.87402e+07,7.87402e+07,7.87402e+07,7.87402e+07,7.87402e+07,7.87402e+07,7.87402e+07,7.87402e+07,7.87402e+07,7.87402e+07,7.87402e+07,7.87402e+07,7.87402e+07,7.87402e+07,7.87402e+07,7.87402e+07,7.87402e+07,7.87402e+07,7.87402e+07,7.87402e+07,7.87402e+07,7.87402e+07,7.87402e+07,7.87402e+07,7.87402e+07,7.87402e+07,7.87402e+07,7.87402e+07,7.87402e+07,7.87402e+07,7.87402e+07,7.87402e+07,7.87402e+07,7.87402e+07,7.87402e+07,7.87402e+07,7.87402e+07,7.87402e+07,7.87402e+07,7.87402e+07,7.87402e+07,7.87402e+07,7.87402e+07,7.87402e+07,7.87402e+07,7.87402e+07,7.87402e+07,7.87402e+07,7.87402e+07,7.87402e+07,7.87402e+07,7.87402e+07,7.87402e+07,7.87402e+07,7.87402e+07,7.87402e+07,7.87402e+07,7.87402e+07,7.87402e+07,7.87402e+07,7.87402e+07,7.87402e+07,7.87402e+07,7.87402e+07,7.87402e+07,7.87402e+07,7.87402e+07,7.87402e+07,7.87402e+07,7.87402e+07,7.87402e+07,7.87402e+07,7.87402e+07,7.87402e+07,7.87402e+07,7.87402e+07,7.87402e+07,7.87402e+07,7.87402e+07,7.87402e+07,7.87402e+07,7.87402e+07,7.87402e+07,7.87402e+07,7.87402e+07,7.87402e+07,7.87402e+07,7.87402e+07,7.87402e+07,7.87402e+07,7.87402e+07,7.87402e+07,7.87402e+07,7.87402e+07,7.87402e+07,7.87402e+07,707.997,704.019,700.076,696.166,692.29,688.449,684.641,680.868,677.129,673.424,669.754,666.118,662.517,658.95,655.418,651.921,648.459,645.031,641.639,638.281,634.959,631.671,628.419,625.203,622.021,618.876,615.766,612.691,609.653,606.65,603.683,600.753,597.858,594.999,592.177,589.391,586.642,583.929,581.252,578.613,576.01,573.445,570.916,568.424,565.97,563.553,561.173,558.832,556.527,554.261,552.032,549.842,547.689,545.575,543.499,541.462,539.463,537.503,535.582,533.7,531.857,530.053,528.288,526.564,524.879,523.234,521.628,520.063,518.538,517.054,515.61,514.207,512.846,511.525,510.245,509.007,507.811,506.656,505.544,504.473,503.446,502.461,501.518,500.619,499.763,498.951,498.182,497.458,496.777,496.141,495.55,495.004,494.502,494.047,493.637,493.273,492.956,492.686,492.462,492.285,492.157,492.076,492.043,492.059,492.124,492.239,492.403,492.617,492.882,493.198,493.565,493.983,494.454,494.978,495.555,496.186,496.87,497.61,498.404,499.254,500.161,501.124,502.145,503.224,504.361,505.558,506.815,508.132,509.511,510.952,512.456,514.023,515.655,517.353,519.116,520.946,522.845,524.812,526.848,528.956,531.136,533.388,535.714,538.116,540.594,543.149,545.784,548.498,551.294,554.173,557.135,560.184,563.32,566.545,569.861,573.268,576.77,580.368,584.064,587.859,591.757,595.758,599.866,604.082,608.409,612.85,617.406,622.082,626.879,631.801,636.849,642.029,647.343,652.793,658.385,664.121,670.006,676.043,682.237,688.592,695.113,701.805,708.672,715.719,722.953,730.379,738.003,745.831,753.871,762.128,770.611,779.326,788.282,797.488,806.951,816.682,826.69,836.985,847.58,858.484,869.711,881.272,893.182,905.456,918.107,931.152,944.609,958.495,972.829,987.632,1002.93,1018.73,1035.08,1051.99,1069.5,1087.63,1106.41,1125.89,1146.09,1167.05,1188.83,1211.47,1235.01,1259.51,1285.03,1311.63,1339.38,1368.35,1398.63,1430.31,1463.47,1498.24,1534.71,1573.03,1613.34,1655.78,1700.54,1747.81,1797.8,1850.75,1906.93,1966.65,2030.25,2098.11,2170.69,2248.48,2332.07,2422.13,2519.44,2624.91,2739.6,2864.79,3001.99,3153.01,3320.03,3505.74,3713.48,3947.39,4212.76,4516.39,4867.2,5277.09,5762.39,6345.98,7061.12,7957.91,9115.63,10667.6,12856.4,16175.2,21804,33440.8,71714.9,496172,55632.1,29468.3,20042.4,15185.1,12222.9,10227.8,8792.54,7710.56,6865.7,6187.7,5631.57,5167.18,4773.54,4435.64,4142.42,3885.57,3658.71,3456.9,3276.19,3113.45,2966.11,2832.1,2709.69,2597.43,2494.12,2398.72,2310.37,2228.3,2151.88,2080.53,2013.79,1951.2,1892.41,1837.07,1784.89,1735.61,1689,1644.84,1602.95,1563.16,1525.32,1489.28,1454.93,1422.15,1390.84,1360.9,1332.24,1304.78,1278.46,1253.21,1228.95,1205.65,1183.23,1161.66,1140.89,1120.88,1101.58,1082.96,1064.99,1047.64,1030.87,1014.66,998.988,983.819,969.135,954.915,941.138,927.786,914.841,902.286,890.104,878.283,866.806,855.66,844.834,834.315,824.092,814.154,804.49,795.092,785.949,777.054,768.397,759.971,751.768,743.781,736.004,728.429,721.051,713.863,706.861,700.038,693.389,686.91,680.594,674.44,668.44,662.593,656.893,651.336,645.919,640.639,635.492,630.474,625.584,620.817,616.171,611.643,607.23,602.931,598.741,594.66,590.685,586.812,583.042,579.37,575.797,572.318,568.933,565.64,562.438,559.323,556.297,553.355,550.497,547.722,545.028,542.414,539.878,537.42,535.037,532.73,530.496,528.336,526.246,524.228,522.279,520.399,518.586,516.84,515.161,513.546,511.996,510.509,509.086,507.724,506.423,505.183,504.003,502.882,501.82,500.816,499.869,498.979,498.146,497.368,496.645,495.976,495.362,494.802,494.295,493.84,493.438,493.087,492.788,492.54,492.342,492.194,492.097,492.048,492.049,492.098,492.196,492.342,492.535,492.776,493.064,493.398,493.779,494.206,494.679,495.198,495.762,496.371,497.025,497.723,498.466,499.253,500.084,500.958,501.876,502.837,503.841,504.887,505.977,507.108,508.282,509.498,510.755,512.055,513.396,514.778,516.201,517.665,519.169,520.715,522.301,523.927,525.593,527.299,529.046,530.831,532.657,534.521,536.426,538.369,540.351,542.372,544.433,546.531,548.668,550.844,553.058,555.31,557.6,559.928,562.294,564.698,567.139,569.617,572.134,574.687,577.278,579.906,582.571,585.272,588.011,590.786,593.598,596.447,599.332,602.253,605.21,608.204,611.234,614.3,617.401,620.539,623.712,626.921,630.166,633.446,636.762,640.113,643.499,646.921,650.377,653.869,657.395,660.957,664.553,668.184,671.85,675.55,679.285,683.055,686.859,690.697,694.569,698.476,702.417,706.392,708\right]
v_{friction}=\left[40,40,40,40,40,40,40,40,40,40,40,40,40,40,40,40,40,40,40,40,40,40,40,40,40,40,40,40,40,40,40,40,40,40,40,40,40,40,40,40,40,40,40,40,40,40,40,40,40,40,40,40,40,40,40,40,40,40,40,40,40,40,40,40,40,40,40,40,40,40,40,40,40,40,40,40,40,40,40,40,40,40,40,40,40,40,40,40,40,40,40,40,40,40,40,40,40,40,40,40,40,40,40,40,40,40,40,40,40,40,40,40,40,40,40,40,40,40,40,40,40,40,40,40,40,40,40,40,40,40,40,40,40,40,40,40,40,40,40,40,40,40,40,40,40,40,40,40,40,40,40,40,40,40,40,40,40,40,40,40,40,40,40,40,40,40,40,40,40,40,40,40,40,40,40,40,40,40,40,40,40,40,40,40,40,40,40,40,40,40,40,40,40,40,40,40,40,40,40,40,40,40,40,40,40,40,40,40,40,40,40,40,40,40,40,40,40,40,40,40,40,40,40,40,40,40,40,40,40,40,40,40,40,40,40,40,34.8339,34.8085,34.7831,34.7576,34.7322,34.7067,34.6811,34.6556,34.63,34.6045,34.5789,34.5534,34.5278,34.5023,34.4767,34.4512,34.4257,34.4002,34.3748,34.3494,34.324,34.2987,34.2734,34.2482,34.223,34.1979,34.1729,34.1479,34.123,34.0982,34.0735,34.0489,34.0244,34,33.9757,33.9515,33.9275,33.9036,33.8798,33.8562,33.8327,33.8094,33.7862,33.7632,33.7404,33.7178,33.6953,33.6731,33.6511,33.6292,33.6076,33.5862,33.5651,33.5442,33.5235,33.5031,33.4829,33.4631,33.4435,33.4241,33.4051,33.3864,33.368,33.3498,33.3321,33.3146,33.2975,33.2807,33.2642,33.2482,33.2325,33.2171,33.2022,33.1876,33.1735,33.1597,33.1463,33.1334,33.1209,33.1088,33.0972,33.086,33.0752,33.0649,33.0551,33.0458,33.0369,33.0286,33.0207,33.0133,33.0064,33,32.9942,32.9889,32.9841,32.9798,32.9761,32.9729,32.9703,32.9682,32.9667,32.9657,32.9653,32.9655,32.9663,32.9676,32.9696,32.9721,32.9752,32.9789,32.9832,32.9881,32.9936,32.9997,33.0065,33.0138,33.0218,33.0303,33.0395,33.0493,33.0597,33.0707,33.0824,33.0946,33.1075,33.121,33.1352,33.1499,33.1653,33.1813,33.1979,33.2151,33.233,33.2514,33.2705,33.2902,33.3104,33.3313,33.3528,33.3749,33.3976,33.4209,33.4448,33.4693,33.4944,33.52,33.5462,33.573,33.6004,33.6284,33.6569,33.686,33.7156,33.7458,33.7765,33.8078,33.8396,33.8719,33.9048,33.9382,33.9721,34.0065,34.0414,34.0768,34.1128,34.1492,34.1861,34.2235,34.2613,34.2997,34.3385,34.3777,34.4174,34.4576,34.4982,34.5392,34.5807,34.6226,34.6649,34.7076,34.7507,34.7943,34.8382,34.8825,34.9272,34.9723,35.0178,35.0637,35.1099,35.1564,35.2034,35.2506,35.2982,35.3462,35.3945,35.4431,35.4921,35.5413,35.5909,35.6408,35.691,35.7415,35.7924,35.8435,35.8949,35.9465,35.9985,36.0508,36.1033,36.1561,36.2091,36.2625,36.3161,36.3699,36.424,36.4784,36.533,36.5878,36.6429,36.6983,36.7538,36.8096,36.8657,36.922,36.9785,37.0352,37.0922,37.1494,37.2068,37.2644,37.3222,37.3803,37.4386,37.4971,37.5558,37.6147,37.6738,37.7332,37.7927,37.8525,37.9125,37.9726,38.033,38.0936,38.1544,38.2154,38.2766,38.338,38.3997,38.4615,38.5235,38.5858,38.6482,38.7109,38.7737,38.8368,38.9001,38.9636,39.0273,39.0912,39.1553,39.2196,39.2842,39.3489,39.4139,39.4791,39.5445,39.6101,39.676,39.742,39.8083,39.8748,39.9415,39.9915,39.9246,39.858,39.7915,39.7253,39.6593,39.5935,39.528,39.4626,39.3975,39.3326,39.2679,39.2034,39.1391,39.075,39.0112,38.9475,38.8841,38.8209,38.7578,38.695,38.6324,38.57,38.5078,38.4458,38.3841,38.3225,38.2611,38.2,38.139,38.0783,38.0177,37.9574,37.8973,37.8374,37.7777,37.7182,37.6589,37.5998,37.5409,37.4823,37.4238,37.3656,37.3076,37.2498,37.1922,37.1349,37.0777,37.0208,36.9641,36.9077,36.8515,36.7955,36.7397,36.6842,36.6289,36.5739,36.5191,36.4645,36.4102,36.3562,36.3024,36.2489,36.1956,36.1426,36.0899,36.0374,35.9852,35.9333,35.8817,35.8304,35.7793,35.7286,35.6782,35.628,35.5782,35.5287,35.4795,35.4306,35.382,35.3338,35.2859,35.2384,35.1912,35.1443,35.0979,35.0517,35.006,34.9606,34.9156,34.8709,34.8267,34.7829,34.7394,34.6964,34.6537,34.6115,34.5697,34.5284,34.4874,34.4469,34.4068,34.3672,34.3281,34.2894,34.2512,34.2134,34.1761,34.1393,34.103,34.0672,34.0319,33.9971,33.9628,33.929,33.8957,33.863,33.8308,33.7991,33.7679,33.7373,33.7073,33.6778,33.6488,33.6205,33.5926,33.5654,33.5387,33.5126,33.4871,33.4622,33.4379,33.4141,33.391,33.3684,33.3465,33.3252,33.3044,33.2843,33.2648,33.2459,33.2276,33.2099,33.1928,33.1764,33.1606,33.1454,33.1308,33.1168,33.1035,33.0908,33.0787,33.0672,33.0564,33.0461,33.0365,33.0275,33.0191,33.0114,33.0042,32.9977,32.9918,32.9864,32.9817,32.9776,32.9741,32.9712,32.9688,32.9671,32.966,32.9654,32.9654,32.966,32.9671,32.9688,32.9711,32.974,32.9773,32.9813,32.9857,32.9907,32.9963,33.0023,33.0089,33.016,33.0235,33.0316,33.0402,33.0493,33.0588,33.0688,33.0793,33.0902,33.1016,33.1135,33.1258,33.1385,33.1516,33.1652,33.1791,33.1935,33.2082,33.2234,33.2389,33.2548,33.2711,33.2877,33.3046,33.322,33.3396,33.3576,33.3759,33.3945,33.4134,33.4326,33.4521,33.4719,33.4919,33.5122,33.5328,33.5536,33.5747,33.596,33.6176,33.6393,33.6613,33.6835,33.7059,33.7285,33.7513,33.7743,33.7974,33.8207,33.8442,33.8678,33.8915,33.9154,33.9395,33.9637,33.988,34.0124,34.0369,34.0615,34.0863,34.1111,34.136,34.161,34.1861,34.2112,34.2364,34.2617,34.287,34.3124,34.3378,34.3633,34.3888,34.4143,34.4399,34.4654,34.4911,34.5167,34.5423,34.5679,34.5935,34.6192,34.6448,34.6704,34.696,34.7216,34.7472,34.7727,34.7982,34.8237,34.834\right]
v_{forward}=\left[0,0,0,0,0,0,0,0,0,0,0,0,0,0,0,0,0,0,0,0,0,0,0,0,0,0,0,0,0,0,0,0,0,0,0,0,0,0,0,0,0,0,0,0,0,0,0,0,0,0,0,0,0,0,0,0,0,0,0,0,0,0,0,0,0,0,0,0,0,0,0,0,0,0,0,0,0,0,0,0,0,0,0,0,0,0,0,0,0,0,0,0,0,0,0,0,0,0,0,0,0,0,0,0,0,0,0,0,0,0,0,0,0,0,0,0,0,0,0,0,0,0,0,0,0,0,0,0,0,0,0,0,0,0,0,0,0,0,0,0,0,0,0,0,0,0,0,0,0,0,0,0,0,0,0,0,0,0,0,0,0,0,0,0,0,0,0,0,0,0,0,0,0,0,0,0,0,0,0,0,0,0,0,0,0,0,0,0,0,0,0,0,0,0,0,0,0,0,0,0,0,0,0,0,0,0,0,0,0,0,0,0,0,0,0,0,0,0,0,0,0,0,0,0,0,0,0,0,0,0,0,0,0,0,0,0,0,0,0,0,0,0,0,0,0,0,0,0,0,0,0,0,0,0,0,0,0,0,0,0,0,0,0,0,0,0,0,0,0,0,0,0,0,0,0,0,0,0,0,0,0,0,0,0,0,0,0,0,0,0,0,0,0,0,0,0,0,0,0,0,0,0,0,0,0,0,0,0,0,0,0,0,0,0,0,0,0,0,0,0,0,0,0,0,0,0,0,0,0,0,0,0,0,0,0,0,0,0,0,0,0,0,0,0,0,0,0,0,0,0,0,0,0,0,0,0,0,0,0,0,0,0,0,0,0,0,0,0,0,0,0,0,0,0,0,0,0,0,0,0,0,0,0,0,0,0,0,0,0,0,0,0,0,0,0,0,0,0,0,0,0,0,0,0,0,0,0,0,0,0,0,0,0,0,0,0,0,0,0,0,0,0,0,0,0,0,0,0,0,0,0,0,0,0,0,0,0,0,0,0,0,0,0,0,0,0,0,0,0,0,0,0,0,0,0,0,0,0,0,0,0,0,0,0,0,0,0,0,0,0,0,0,0,0,0,0,0,0,0,0,0,0,0,0,0,0,0,0,0,0,0,0,0,0,0,0,0,0,0,0,0,0,0,0,0,0,0,0,0,0,0,0,0,0,0,0,0,0,0,0,0,0,0,0,0,0,0,0,0,0,0,0,0,0,0,0,0,0,0,0,0,0,0,0,0,0,0,0,0,0,0,0,0,0,0,0,0,0,0,0,0,0,0,0,0,0,0,0,0,0,0,0,0,0,0,0,0,0,0,0,0,0,0,0,0,0,0,0,0,0,0,0,0,0,0,0,0,0,0,0,0,0,0,0,0,0,0,0,0,0,0,0,0,0,0,0,0,0,0,0,0,0,0,0,0,0,0,0,0,0,0,0,0,0,0,0,0,0,0,0,0,0,0,0,0,0,0,0,0,0,0,0,0,0,0,0,0,0,0,0,0,0,0,0,0,0,0,0,0,0,0,0,0,0,0,0,0,0,0,0,0,0,0,0,0,0,0,0,0,0,0,0,0,0,0,0,0,0,0,0,0,0,0,0,0,0,0,0,0,0,0,0,0,0,0,0,0,0,0,0,0,0,0,0,0,0,0,0,0,0,0,0,0,0,0,0,0,0,0,0,0,0,0,0,0,0,0,0,0,0,0,0,0,0,0,0,0,0,0,0,0,0,0,0,0,0,0,0,0,0,0,0,0,0,0,0,0,0,0,0,0,0,0\right]
v_{backward}=\left[0,0,0,0,0,0,0,0,0,0,0,0,0,0,0,0,0,0,0,0,0,0,0,0,0,0,0,0,0,0,0,0,0,0,0,0,0,0,0,0,0,0,0,0,0,0,0,0,0,0,0,0,0,0,0,0,0,0,0,0,0,0,0,0,0,0,0,0,0,0,0,0,0,0,0,0,0,0,0,0,0,0,0,0,0,0,0,0,0,0,0,0,0,0,0,0,0,0,0,0,0,0,0,0,0,0,0,0,0,0,0,0,0,0,0,0,0,0,0,0,0,0,0,0,0,0,0,0,0,0,0,0,0,0,0,0,0,0,0,0,0,0,0,0,0,0,0,0,0,0,0,0,0,0,0,0,0,0,0,0,0,0,0,0,0,0,0,0,0,0,0,0,0,0,0,0,0,0,0,0,0,0,0,0,0,0,0,0,0,0,0,0,0,0,0,0,0,0,0,0,0,0,0,0,0,0,0,0,0,0,0,0,0,0,0,0,0,0,0,0,0,0,0,0,0,0,0,0,0,0,0,0,0,0,0,0,0,0,0,0,0,0,0,0,0,0,0,0,0,0,0,0,0,0,0,0,0,0,0,0,0,0,0,0,0,0,0,0,0,0,0,0,0,0,0,0,0,0,0,0,0,0,0,0,0,0,0,0,0,0,0,0,0,0,0,0,0,0,0,0,0,0,0,0,0,0,0,0,0,0,0,0,0,0,0,0,0,0,0,0,0,0,0,0,0,0,0,0,0,0,0,0,0,0,0,0,0,0,0,0,0,0,0,0,0,0,0,0,0,0,0,0,0,0,0,0,0,0,0,0,0,0,0,0,0,0,0,0,0,0,0,0,0,0,0,0,0,0,0,0,0,0,0,0,0,0,0,0,0,0,0,0,0,0,0,0,0,0,0,0,0,0,0,0,0,0,0,0,0,0,0,0,0,0,0,0,0,0,0,0,0,0,0,0,0,0,0,0,0,0,0,0,0,0,0,0,0,0,0,0,0,0,0,0,0,0,0,0,0,0,0,0,0,0,0,0,0,0,0,0,0,0,0,0,0,0,0,0,0,0,0,0,0,0,0,0,0,0,0,0,0,0,0,0,0,0,0,0,0,0,0,0,0,0,0,0,0,0,0,0,0,0,0,0,0,0,0,0,0,0,0,0,0,0,0,0,0,0,0,0,0,0,0,0,0,0,0,0,0,0,0,0,0,0,0,0,0,0,0,0,0,0,0,0,0,0,0,0,0,0,0,0,0,0,0,0,0,0,0,0,0,0,0,0,0,0,0,0,0,0,0,0,0,0,0,0,0,0,0,0,0,0,0,0,0,0,0,0,0,0,0,0,0,0,0,0,0,0,0,0,0,0,0,0,0,0,0,0,0,0,0,0,0,0,0,0,0,0,0,0,0,0,0,0,0,0,0,0,0,0,0,0,0,0,0,0,0,0,0,0,0,0,0,0,0,0,0,0,0,0,0,0,0,0,0,0,0,0,0,0,0,0,0,0,0,0,0,0,0,0,0,0,0,0,0,0,0,0,0,0,0,0,0,0,0,0,0,0,0,0,0,0,0,0,0,0,0,0,0,0,0,0,0,0,0,0,0,0,0,0,0,0,0,0,0,0,0,0,0,0,0,0,0,0,0,0,0,0,0,0,0,0,0,0,0,0,0,0,0,0,0,0,0,0,0,0,0,0,0,0,0,0,0,0,0,0,0,0,0,0,0,0,0,0,0,0,0,0,0,0,0,0,0,0,0,0,0,0,0,0,0,0,0\right]
v_{final}=\left[0,0,0,0,0,0,0,0,0,0,0,0,0,0,0,0,0,0,0,0,0,0,0,0,0,0,0,0,0,0,0,0,0,0,0,0,0,0,0,0,0,0,0,0,0,0,0,0,0,0,0,0,0,0,0,0,0,0,0,0,0,0,0,0,0,0,0,0,0,0,0,0,0,0,0,0,0,0,0,0,0,0,0,0,0,0,0,0,0,0,0,0,0,0,0,0,0,0,0,0,0,0,0,0,0,0,0,0,0,0,0,0,0,0,0,0,0,0,0,0,0,0,0,0,0,0,0,0,0,0,0,0,0,0,0,0,0,0,0,0,0,0,0,0,0,0,0,0,0,0,0,0,0,0,0,0,0,0,0,0,0,0,0,0,0,0,0,0,0,0,0,0,0,0,0,0,0,0,0,0,0,0,0,0,0,0,0,0,0,0,0,0,0,0,0,0,0,0,0,0,0,0,0,0,0,0,0,0,0,0,0,0,0,0,0,0,0,0,0,0,0,0,0,0,0,0,0,0,0,0,0,0,0,0,0,0,0,0,0,0,0,0,0,0,0,0,0,0,0,0,0,0,0,0,0,0,0,0,0,0,0,0,0,0,0,0,0,0,0,0,0,0,0,0,0,0,0,0,0,0,0,0,0,0,0,0,0,0,0,0,0,0,0,0,0,0,0,0,0,0,0,0,0,0,0,0,0,0,0,0,0,0,0,0,0,0,0,0,0,0,0,0,0,0,0,0,0,0,0,0,0,0,0,0,0,0,0,0,0,0,0,0,0,0,0,0,0,0,0,0,0,0,0,0,0,0,0,0,0,0,0,0,0,0,0,0,0,0,0,0,0,0,0,0,0,0,0,0,0,0,0,0,0,0,0,0,0,0,0,0,0,0,0,0,0,0,0,0,0,0,0,0,0,0,0,0,0,0,0,0,0,0,0,0,0,0,0,0,0,0,0,0,0,0,0,0,0,0,0,0,0,0,0,0,0,0,0,0,0,0,0,0,0,0,0,0,0,0,0,0,0,0,0,0,0,0,0,0,0,0,0,0,0,0,0,0,0,0,0,0,0,0,0,0,0,0,0,0,0,0,0,0,0,0,0,0,0,0,0,0,0,0,0,0,0,0,0,0,0,0,0,0,0,0,0,0,0,0,0,0,0,0,0,0,0,0,0,0,0,0,0,0,0,0,0,0,0,0,0,0,0,0,0,0,0,0,0,0,0,0,0,0,0,0,0,0,0,0,0,0,0,0,0,0,0,0,0,0,0,0,0,0,0,0,0,0,0,0,0,0,0,0,0,0,0,0,0,0,0,0,0,0,0,0,0,0,0,0,0,0,0,0,0,0,0,0,0,0,0,0,0,0,0,0,0,0,0,0,0,0,0,0,0,0,0,0,0,0,0,0,0,0,0,0,0,0,0,0,0,0,0,0,0,0,0,0,0,0,0,0,0,0,0,0,0,0,0,0,0,0,0,0,0,0,0,0,0,0,0,0,0,0,0,0,0,0,0,0,0,0,0,0,0,0,0,0,0,0,0,0,0,0,0,0,0,0,0,0,0,0,0,0,0,0,0,0,0,0,0,0,0,0,0,0,0,0,0,0,0,0,0,0,0,0,0,0,0,0,0,0,0,0,0,0,0,0,0,0,0,0,0,0,0,0,0,0,0,0,0,0,0,0,0,0,0,0,0,0,0,0,0,0,0,0,0,0,0,0,0,0,0,0,0,0,0,0,0,0,0,0,0,0,0,0,0,0,0,0,0,0,0,0,0\right]
l_{times}=\left[0,inf,inf,inf,inf,inf,inf,inf,inf,inf,inf,inf,inf,inf,inf,inf,inf,inf,inf,inf,inf,inf,inf,inf,inf,inf,inf,inf,inf,inf,inf,inf,inf,inf,inf,inf,inf,inf,inf,inf,inf,inf,inf,inf,inf,inf,inf,inf,inf,inf,inf,inf,inf,inf,inf,inf,inf,inf,inf,inf,inf,inf,inf,inf,inf,inf,inf,inf,inf,inf,inf,inf,inf,inf,inf,inf,inf,inf,inf,inf,inf,inf,inf,inf,inf,inf,inf,inf,inf,inf,inf,inf,inf,inf,inf,inf,inf,inf,inf,inf,inf,inf,inf,inf,inf,inf,inf,inf,inf,inf,inf,inf,inf,inf,inf,inf,inf,inf,inf,inf,inf,inf,inf,inf,inf,inf,inf,inf,inf,inf,inf,inf,inf,inf,inf,inf,inf,inf,inf,inf,inf,inf,inf,inf,inf,inf,inf,inf,inf,inf,inf,inf,inf,inf,inf,inf,inf,inf,inf,inf,inf,inf,inf,inf,inf,inf,inf,inf,inf,inf,inf,inf,inf,inf,inf,inf,inf,inf,inf,inf,inf,inf,inf,inf,inf,inf,inf,inf,inf,inf,inf,inf,inf,inf,inf,inf,inf,inf,inf,inf,inf,inf,inf,inf,inf,inf,inf,inf,inf,inf,inf,inf,inf,inf,inf,inf,inf,inf,inf,inf,inf,inf,inf,inf,inf,inf,inf,inf,inf,inf,inf,inf,inf,inf,inf,inf,inf,inf,inf,inf,inf,inf,inf,inf,inf,inf,inf,inf,inf,inf,inf,inf,inf,inf,inf,inf,inf,inf,inf,inf,inf,inf,inf,inf,inf,inf,inf,inf,inf,inf,inf,inf,inf,inf,inf,inf,inf,inf,inf,inf,inf,inf,inf,inf,inf,inf,inf,inf,inf,inf,inf,inf,inf,inf,inf,inf,inf,inf,inf,inf,inf,inf,inf,inf,inf,inf,inf,inf,inf,inf,inf,inf,inf,inf,inf,inf,inf,inf,inf,inf,inf,inf,inf,inf,inf,inf,inf,inf,inf,inf,inf,inf,inf,inf,inf,inf,inf,inf,inf,inf,inf,inf,inf,inf,inf,inf,inf,inf,inf,inf,inf,inf,inf,inf,inf,inf,inf,inf,inf,inf,inf,inf,inf,inf,inf,inf,inf,inf,inf,inf,inf,inf,inf,inf,inf,inf,inf,inf,inf,inf,inf,inf,inf,inf,inf,inf,inf,inf,inf,inf,inf,inf,inf,inf,inf,inf,inf,inf,inf,inf,inf,inf,inf,inf,inf,inf,inf,inf,inf,inf,inf,inf,inf,inf,inf,inf,inf,inf,inf,inf,inf,inf,inf,inf,inf,inf,inf,inf,inf,inf,inf,inf,inf,inf,inf,inf,inf,inf,inf,inf,inf,inf,inf,inf,inf,inf,inf,inf,inf,inf,inf,inf,inf,inf,inf,inf,inf,inf,inf,inf,inf,inf,inf,inf,inf,inf,inf,inf,inf,inf,inf,inf,inf,inf,inf,inf,inf,inf,inf,inf,inf,inf,inf,inf,inf,inf,inf,inf,inf,inf,inf,inf,inf,inf,inf,inf,inf,inf,inf,inf,inf,inf,inf,inf,inf,inf,inf,inf,inf,inf,inf,inf,inf,inf,inf,inf,inf,inf,inf,inf,inf,inf,inf,inf,inf,inf,inf,inf,inf,inf,inf,inf,inf,inf,inf,inf,inf,inf,inf,inf,inf,inf,inf,inf,inf,inf,inf,inf,inf,inf,inf,inf,inf,inf,inf,inf,inf,inf,inf,inf,inf,inf,inf,inf,inf,inf,inf,inf,inf,inf,inf,inf,inf,inf,inf,inf,inf,inf,inf,inf,inf,inf,inf,inf,inf,inf,inf,inf,inf,inf,inf,inf,inf,inf,inf,inf,inf,inf,inf,inf,inf,inf,inf,inf,inf,inf,inf,inf,inf,inf,inf,inf,inf,inf,inf,inf,inf,inf,inf,inf,inf,inf,inf,inf,inf,inf,inf,inf,inf,inf,inf,inf,inf,inf,inf,inf,inf,inf,inf,inf,inf,inf,inf,inf,inf,inf,inf,inf,inf,inf,inf,inf,inf,inf,inf,inf,inf,inf,inf,inf,inf,inf,inf,inf,inf,inf,inf,inf,inf,inf,inf,inf,inf,inf,inf,inf,inf,inf,inf,inf,inf,inf,inf,inf,inf,inf,inf,inf,inf,inf,inf,inf,inf,inf,inf,inf,inf,inf,inf,inf,inf,inf,inf,inf,inf,inf,inf,inf,inf,inf,inf,inf,inf,inf,inf,inf,inf,inf,inf,inf,inf,inf,inf,inf,inf,inf,inf,inf,inf,inf,inf,inf,inf,inf,inf,inf,inf,inf,inf,inf,inf,inf,inf,inf,inf,inf,inf,inf,inf,inf,inf,inf,inf,inf,inf,inf,inf,inf,inf,inf,inf,inf,inf,inf,inf,inf,inf,inf,inf,inf,inf,inf,inf,inf,inf,inf,inf,inf,inf,inf,inf,inf,inf,\right]
l_{points}=\left[\left(-23.6,0\right),\left(-23.5,0\right),\left(-23.4,0\right),\left(-23.3,0\right),\left(-23.2,0\right),\left(-23.1,0\right),\left(-23,0\right),\left(-22.9,0\right),\left(-22.8,0\right),\left(-22.7,0\right),\left(-22.6,0\right),\left(-22.5,0\right),\left(-22.4,0\right),\left(-22.3,0\right),\left(-22.2,0\right),\left(-22.1,0\right),\left(-22,0\right),\left(-21.9,0\right),\left(-21.8,0\right),\left(-21.7,0\right),\left(-21.6,0\right),\left(-21.5,0\right),\left(-21.4,0\right),\left(-21.3,0\right),\left(-21.2,0\right),\left(-21.1,0\right),\left(-21,0\right),\left(-20.9,0\right),\left(-20.8,0\right),\left(-20.7,0\right),\left(-20.6,0\right),\left(-20.5,0\right),\left(-20.4,0\right),\left(-20.3,0\right),\left(-20.2,0\right),\left(-20.1,0\right),\left(-20,0\right),\left(-19.9,0\right),\left(-19.8,0\right),\left(-19.7,0\right),\left(-19.6,0\right),\left(-19.5,0\right),\left(-19.4,0\right),\left(-19.3,0\right),\left(-19.2,0\right),\left(-19.1,0\right),\left(-19,0\right),\left(-18.9,0\right),\left(-18.8,0\right),\left(-18.7,0\right),\left(-18.6,0\right),\left(-18.5,0\right),\left(-18.4,0\right),\left(-18.3,0\right),\left(-18.2,0\right),\left(-18.1,0\right),\left(-18,0\right),\left(-17.9,0\right),\left(-17.8,0\right),\left(-17.7,0\right),\left(-17.6,0\right),\left(-17.5,0\right),\left(-17.4,0\right),\left(-17.3,0\right),\left(-17.2,0\right),\left(-17.1,0\right),\left(-17,0\right),\left(-16.9,0\right),\left(-16.8,0\right),\left(-16.7,0\right),\left(-16.6,0\right),\left(-16.5,0\right),\left(-16.4,0\right),\left(-16.3,0\right),\left(-16.2,0\right),\left(-16.1,0\right),\left(-16,0\right),\left(-15.9,0\right),\left(-15.8,0\right),\left(-15.7,0\right),\left(-15.6,0\right),\left(-15.5,0\right),\left(-15.4,0\right),\left(-15.3,0\right),\left(-15.2,0\right),\left(-15.1,0\right),\left(-15,0\right),\left(-14.9,0\right),\left(-14.8,0\right),\left(-14.7,0\right),\left(-14.6,0\right),\left(-14.5,0\right),\left(-14.4,0\right),\left(-14.3,0\right),\left(-14.2,0\right),\left(-14.1,0\right),\left(-14,0\right),\left(-13.9,0\right),\left(-13.8,0\right),\left(-13.7,0\right),\left(-13.6,0\right),\left(-13.5,0\right),\left(-13.4,0\right),\left(-13.3,0\right),\left(-13.2,0\right),\left(-13.1,0\right),\left(-13,0\right),\left(-12.9,0\right),\left(-12.8,0\right),\left(-12.7,0\right),\left(-12.6,0\right),\left(-12.5,0\right),\left(-12.4,0\right),\left(-12.3,0\right),\left(-12.2,0\right),\left(-12.1,0\right),\left(-12,0\right),\left(-11.9,0\right),\left(-11.8,0\right),\left(-11.7,0\right),\left(-11.6,0\right),\left(-11.5,0\right),\left(-11.4,0\right),\left(-11.3,0\right),\left(-11.2,0\right),\left(-11.1,0\right),\left(-11,0\right),\left(-10.9,0\right),\left(-10.8,0\right),\left(-10.7,0\right),\left(-10.6,0\right),\left(-10.5,0\right),\left(-10.4,0\right),\left(-10.3,0\right),\left(-10.2,0\right),\left(-10.1,0\right),\left(-9.99999,0\right),\left(-9.89999,0\right),\left(-9.79999,0\right),\left(-9.69999,0\right),\left(-9.59999,0\right),\left(-9.49999,0\right),\left(-9.39998,0\right),\left(-9.29998,0\right),\left(-9.19999,0\right),\left(-9.09998,0\right),\left(-8.99998,0\right),\left(-8.89999,0\right),\left(-8.79998,0\right),\left(-8.69998,0\right),\left(-8.59998,0\right),\left(-8.49998,0\right),\left(-8.39998,0\right),\left(-8.29998,0\right),\left(-8.19998,0\right),\left(-8.09998,0\right),\left(-7.99998,0\right),\left(-7.89998,0\right),\left(-7.79998,0\right),\left(-7.69998,0\right),\left(-7.59998,0\right),\left(-7.49998,0\right),\left(-7.39998,0\right),\left(-7.29998,0\right),\left(-7.19998,0\right),\left(-7.09998,0\right),\left(-6.99998,0\right),\left(-6.89998,0\right),\left(-6.79998,0\right),\left(-6.69998,0\right),\left(-6.59998,0\right),\left(-6.49998,0\right),\left(-6.39998,0\right),\left(-6.29998,0\right),\left(-6.19998,0\right),\left(-6.09998,0\right),\left(-5.99998,0\right),\left(-5.89998,0\right),\left(-5.79998,0\right),\left(-5.69998,0\right),\left(-5.59998,0\right),\left(-5.49998,0\right),\left(-5.39998,0\right),\left(-5.29998,0\right),\left(-5.19998,0\right),\left(-5.09998,0\right),\left(-4.99998,0\right),\left(-4.89998,0\right),\left(-4.79998,0\right),\left(-4.69998,0\right),\left(-4.59998,0\right),\left(-4.49998,0\right),\left(-4.39998,0\right),\left(-4.29998,0\right),\left(-4.19998,0\right),\left(-4.09998,0\right),\left(-3.99998,0\right),\left(-3.89998,0\right),\left(-3.79998,0\right),\left(-3.69998,0\right),\left(-3.59998,0\right),\left(-3.49998,0\right),\left(-3.39998,0\right),\left(-3.29998,0\right),\left(-3.19998,0\right),\left(-3.09998,0\right),\left(-2.99998,0\right),\left(-2.89997,0\right),\left(-2.79998,0\right),\left(-2.69998,0\right),\left(-2.59998,0\right),\left(-2.49998,0\right),\left(-2.39998,0\right),\left(-2.29997,0\right),\left(-2.19997,0\right),\left(-2.09997,0\right),\left(-1.99998,0\right),\left(-1.89998,0\right),\left(-1.79997,0\right),\left(-1.69997,0\right),\left(-1.59997,0\right),\left(-1.49997,0\right),\left(-1.39997,0\right),\left(-1.29997,0\right),\left(-1.19997,0\right),\left(-1.09997,0\right),\left(-0.999974,0\right),\left(-0.899974,0\right),\left(-0.799974,0\right),\left(-0.699972,0\right),\left(-0.599972,0\right),\left(-0.499973,0\right),\left(-0.399973,0\right),\left(-0.299973,0\right),\left(-0.199971,0\right),\left(-0.0999715,0\right),\left(8.44001e-05,1.00613e-10\right),\left(0.0999404,0.000141341\right),\left(0.1998,0.000565972\right),\left(0.299653,0.00127545\right),\left(0.399507,0.0022714\right),\left(0.49936,0.00355545\right),\left(0.59921,0.0051292\right),\left(0.699055,0.00699424\right),\left(0.798895,0.00915215\right),\left(0.898727,0.0116045\right),\left(0.99855,0.0143529\right),\left(1.09836,0.0173989\right),\left(1.19816,0.0207441\right),\left(1.29796,0.0243903\right),\left(1.39774,0.0283388\right),\left(1.49751,0.0325914\right),\left(1.59726,0.0371495\right),\left(1.697,0.0420149\right),\left(1.79673,0.0471892\right),\left(1.89644,0.0526739\right),\left(1.99613,0.0584707\right),\left(2.09581,0.0645812\right),\left(2.19547,0.0710067\right),\left(2.2951,0.0777489\right),\left(2.39472,0.0848093\right),\left(2.4943,0.0921895\right),\left(2.59387,0.0998909\right),\left(2.6934,0.107915\right),\left(2.79292,0.116264\right),\left(2.8924,0.124939\right),\left(2.99185,0.133941\right),\left(3.09128,0.143272\right),\left(3.19067,0.152934\right),\left(3.29004,0.162928\right),\left(3.38936,0.173255\right),\left(3.48865,0.183917\right),\left(3.58791,0.194916\right),\left(3.68713,0.206253\right),\left(3.78631,0.217929\right),\left(3.88545,0.229946\right),\left(3.98455,0.242305\right),\left(4.0836,0.255007\right),\left(4.18261,0.268055\right),\left(4.28158,0.281449\right),\left(4.38049,0.295191\right),\left(4.47936,0.309282\right),\left(4.57818,0.323723\right),\left(4.67695,0.338515\right),\left(4.77566,0.353661\right),\left(4.87432,0.369161\right),\left(4.97292,0.385016\right),\left(5.07147,0.401228\right),\left(5.16995,0.417798\right),\left(5.26838,0.434728\right),\left(5.36674,0.452018\right),\left(5.46504,0.469669\right),\left(5.56327,0.487682\right),\left(5.66144,0.50606\right),\left(5.75954,0.524802\right),\left(5.85757,0.543911\right),\left(5.95553,0.563386\right),\left(6.05342,0.583229\right),\left(6.15123,0.603442\right),\left(6.24896,0.624023\right),\left(6.34662,0.644975\right),\left(6.44419,0.666298\right),\left(6.54168,0.687995\right),\left(6.63909,0.710064\right),\left(6.73642,0.732508\right),\left(6.83366,0.755327\right),\left(6.93081,0.778522\right),\left(7.02787,0.802093\right),\left(7.12484,0.826041\right),\left(7.22172,0.850366\right),\left(7.3185,0.87507\right),\left(7.41518,0.900153\right),\left(7.51177,0.925616\right),\left(7.60826,0.951458\right),\left(7.70464,0.977681\right),\left(7.80092,1.00429\right),\left(7.8971,1.03127\right),\left(7.99316,1.05864\right),\left(8.08912,1.08638\right),\left(8.18497,1.11451\right),\left(8.2807,1.14303\right),\left(8.37632,1.17192\right),\left(8.47183,1.2012\right),\left(8.56721,1.23086\right),\left(8.66249,1.26091\right),\left(8.75764,1.29134\right),\left(8.85266,1.32215\right),\left(8.94756,1.35334\right),\left(9.04234,1.38492\right),\left(9.13699,1.41688\right),\left(9.23151,1.44922\right),\left(9.3259,1.48195\right),\left(9.42016,1.51506\right),\left(9.51428,1.54855\right),\left(9.60827,1.58242\right),\left(9.70212,1.61667\right),\left(9.79583,1.65131\right),\left(9.8894,1.68632\right),\left(9.98282,1.72172\right),\left(10.0761,1.75749\right),\left(10.1692,1.79364\right),\left(10.2622,1.83018\right),\left(10.3551,1.86708\right),\left(10.4478,1.90437\right),\left(10.5403,1.94203\right),\left(10.6327,1.98007\right),\left(10.725,2.01848\right),\left(10.817,2.05727\right),\left(10.909,2.09643\right),\left(11.0007,2.13596\right),\left(11.0923,2.17586\right),\left(11.1838,2.21613\right),\left(11.2751,2.25677\right),\left(11.3662,2.29777\right),\left(11.4572,2.33915\right),\left(11.548,2.38088\right),\left(11.6386,2.42298\right),\left(11.729,2.46544\right),\left(11.8193,2.50827\right),\left(11.9094,2.55145\right),\left(11.9994,2.59499\right),\left(12.0892,2.63889\right),\left(12.1788,2.68314\right),\left(12.2682,2.72774\right),\left(12.3574,2.7727\right),\left(12.4465,2.81801\right),\left(12.5354,2.86366\right),\left(12.6241,2.90966\right),\left(12.7127,2.95601\right),\left(12.801,3.0027\right),\left(12.8892,3.04974\right),\left(12.9772,3.09711\right),\left(13.065,3.14482\right),\left(13.1527,3.19287\right),\left(13.2401,3.24125\right),\left(13.3274,3.28996\right),\left(13.4145,3.339\right),\left(13.5014,3.38837\right),\left(13.5881,3.43807\right),\left(13.6746,3.48808\right),\left(13.761,3.53842\right),\left(13.8472,3.58908\right),\left(13.9331,3.64006\right),\left(14.0189,3.69136\right),\left(14.1045,3.74296\right),\left(14.1899,3.79488\right),\left(14.2752,3.8471\right),\left(14.3602,3.89963\right),\left(14.4451,3.95247\right),\left(14.5297,4.0056\right),\left(14.6142,4.05904\right),\left(14.6985,4.11277\right),\left(14.7826,4.16679\right),\left(14.8665,4.2211\right),\left(14.9503,4.27571\right),\left(15.0338,4.3306\right),\left(15.1172,4.38578\right),\left(15.2003,4.44124\right),\left(15.2833,4.49697\right),\left(15.3661,4.55299\right),\left(15.4487,4.60928\right),\left(15.5312,4.66584\right),\left(15.6134,4.72266\right),\left(15.6955,4.77976\right),\left(15.7773,4.83712\right),\left(15.859,4.89474\right),\left(15.9406,4.95262\right),\left(16.0219,5.01076\right),\left(16.103,5.06915\right),\left(16.184,5.12779\right),\left(16.2648,5.18668\right),\left(16.3454,5.24581\right),\left(16.4259,5.30519\right),\left(16.5061,5.3648\right),\left(16.5862,5.42466\right),\left(16.6661,5.48474\right),\left(16.7458,5.54507\right),\left(16.8254,5.60562\right),\left(16.9048,5.66639\right),\left(16.984,5.72739\right),\left(17.063,5.78862\right),\left(17.1419,5.85006\right),\left(17.2206,5.91171\right),\left(17.2992,5.97359\right),\left(17.3775,6.03567\right),\left(17.4558,6.09796\right),\left(17.5338,6.16045\right),\left(17.6117,6.22315\right),\left(17.6894,6.28605\right),\left(17.767,6.34914\right),\left(17.8444,6.41243\right),\left(17.9216,6.47591\right),\left(17.9987,6.53958\right),\left(18.0757,6.60344\right),\left(18.1525,6.66748\right),\left(18.2291,6.7317\right),\left(18.3056,6.7961\right),\left(18.3819,6.86068\right),\left(18.4581,6.92543\right),\left(18.5342,6.99035\right),\left(18.6101,7.05545\right),\left(18.6858,7.1207\right),\left(18.7615,7.18612\right),\left(18.837,7.25169\right),\left(18.9123,7.31743\right),\left(18.9875,7.38332\right),\left(19.0626,7.44936\right),\left(19.1375,7.51555\right),\left(19.2124,7.58189\right),\left(19.2871,7.64838\right),\left(19.3616,7.71501\right),\left(19.4361,7.78177\right),\left(19.5104,7.84868\right),\left(19.5846,7.91571\right),\left(19.6587,7.98288\right),\left(19.7326,8.05018\right),\left(19.8065,8.1176\right),\left(19.8802,8.18515\right),\left(19.9538,8.25282\right),\left(20.0273,8.32062\right),\left(20.1007,8.38852\right),\left(20.174,8.45654\right),\left(20.2472,8.52468\right),\left(20.3203,8.59292\right),\left(20.3933,8.66127\right),\left(20.4662,8.72972\right),\left(20.539,8.79828\right),\left(20.6117,8.86693\right),\left(20.6843,8.93569\right),\left(20.7568,9.00453\right),\left(20.8293,9.07347\right),\left(20.9016,9.1425\right),\left(20.9739,9.21162\right),\left(21.0461,9.28082\right),\left(21.1182,9.3501\right),\left(21.1902,9.41947\right),\left(21.2622,9.48891\right),\left(21.3341,9.55843\right),\left(21.4059,9.62802\right),\left(21.4776,9.69768\right),\left(21.5493,9.76741\right),\left(21.6209,9.83721\right),\left(21.6925,9.90707\right),\left(21.764,9.97699\right),\left(21.8354,10.047\right),\left(21.9068,10.117\right),\left(21.9781,10.1871\right),\left(22.0494,10.2572\right),\left(22.1206,10.3274\right),\left(22.1918,10.3977\right),\left(22.2629,10.468\right),\left(22.334,10.5383\right),\left(22.405,10.6087\right),\left(22.4761,10.6791\right),\left(22.547,10.7495\right),\left(22.618,10.82\right),\left(22.6889,10.8905\right),\left(22.7598,10.961\right),\left(22.8306,11.0316\right),\left(22.9015,11.1022\right),\left(22.9723,11.1728\right),\left(23.0431,11.2434\right),\left(23.1138,11.3141\right),\left(23.1846,11.3847\right),\left(23.2553,11.4554\right),\left(23.3261,11.5261\right),\left(23.3968,11.5968\right),\left(23.4675,11.6675\right),\left(23.5382,11.7382\right),\left(23.6089,11.8089\right),\left(23.6796,11.8796\right),\left(23.7504,11.9503\right),\left(23.8211,12.021\right),\left(23.8918,12.0917\right),\left(23.9625,12.1624\right),\left(24.0333,12.2331\right),\left(24.104,12.3038\right),\left(24.1748,12.3744\right),\left(24.2456,12.445\right),\left(24.3164,12.5156\right),\left(24.3873,12.5862\right),\left(24.4581,12.6568\right),\left(24.529,12.7273\right),\left(24.5999,12.7978\right),\left(24.6709,12.8683\right),\left(24.7419,12.9387\right),\left(24.8129,13.0091\right),\left(24.884,13.0795\right),\left(24.9551,13.1498\right),\left(25.0262,13.2201\right),\left(25.0974,13.2903\right),\left(25.1686,13.3605\right),\left(25.2399,13.4306\right),\left(25.3113,13.5007\right),\left(25.3827,13.5707\right),\left(25.4541,13.6407\right),\left(25.5256,13.7106\right),\left(25.5972,13.7804\right),\left(25.6688,13.8502\right),\left(25.7405,13.9199\right),\left(25.8123,13.9896\right),\left(25.8841,14.0591\right),\left(25.956,14.1286\right),\left(26.028,14.1981\right),\left(26.1,14.2674\right),\left(26.1721,14.3367\right),\left(26.2444,14.4059\right),\left(26.3166,14.475\right),\left(26.389,14.544\right),\left(26.4615,14.6129\right),\left(26.534,14.6817\right),\left(26.6067,14.7504\right),\left(26.6794,14.8191\right),\left(26.7522,14.8876\right),\left(26.8252,14.956\right),\left(26.8982,15.0244\right),\left(26.9713,15.0926\right),\left(27.0445,15.1607\right),\left(27.1179,15.2287\right),\left(27.1913,15.2966\right),\left(27.2648,15.3643\right),\left(27.3385,15.432\right),\left(27.4122,15.4995\right),\left(27.4861,15.5669\right),\left(27.5601,15.6342\right),\left(27.6342,15.7013\right),\left(27.7085,15.7683\right),\left(27.7828,15.8352\right),\left(27.8573,15.9019\right),\left(27.9319,15.9685\right),\left(28.0066,16.035\right),\left(28.0815,16.1013\right),\left(28.1565,16.1675\right),\left(28.2316,16.2335\right),\left(28.3069,16.2993\right),\left(28.3823,16.365\right),\left(28.4578,16.4306\right),\left(28.5335,16.496\right),\left(28.6093,16.5612\right),\left(28.6852,16.6262\right),\left(28.7613,16.6911\right),\left(28.8376,16.7558\right),\left(28.914,16.8204\right),\left(28.9905,16.8848\right),\left(29.0672,16.949\right),\left(29.1441,17.013\right),\left(29.2211,17.0768\right),\left(29.2982,17.1404\right),\left(29.3755,17.2039\right),\left(29.453,17.2671\right),\left(29.5306,17.3302\right),\left(29.6084,17.3931\right),\left(29.6863,17.4557\right),\left(29.7645,17.5182\right),\left(29.8427,17.5804\right),\left(29.9212,17.6425\right),\left(29.9998,17.7043\right),\left(30.0786,17.7659\right),\left(30.1575,17.8273\right),\left(30.2366,17.8885\right),\left(30.3159,17.9495\right),\left(30.3954,18.0102\right),\left(30.475,18.0708\right),\left(30.5548,18.131\right),\left(30.6348,18.1911\right),\left(30.715,18.2509\right),\left(30.7953,18.3105\right),\left(30.8758,18.3698\right),\left(30.9565,18.4289\right),\left(31.0374,18.4878\right),\left(31.1185,18.5464\right),\left(31.1997,18.6047\right),\left(31.2811,18.6628\right),\left(31.3627,18.7207\right),\left(31.4445,18.7782\right),\left(31.5265,18.8356\right),\left(31.6087,18.8926\right),\left(31.691,18.9494\right),\left(31.7735,19.0059\right),\left(31.8563,19.0622\right),\left(31.9392,19.1182\right),\left(32.0222,19.1739\right),\left(32.1055,19.2293\right),\left(32.189,19.2844\right),\left(32.2726,19.3393\right),\left(32.3565,19.3938\right),\left(32.4405,19.4481\right),\left(32.5247,19.5021\right),\left(32.6092,19.5558\right),\left(32.6938,19.6092\right),\left(32.7785,19.6623\right),\left(32.8635,19.7151\right),\left(32.9487,19.7676\right),\left(33.034,19.8197\right),\left(33.1196,19.8716\right),\left(33.2053,19.9232\right),\left(33.2912,19.9744\right),\left(33.3774,20.0254\right),\left(33.4636,20.076\right),\left(33.5501,20.1263\right),\left(33.6368,20.1763\right),\left(33.7237,20.2259\right),\left(33.8107,20.2752\right),\left(33.898,20.3242\right),\left(33.9854,20.3729\right),\left(34.073,20.4212\right),\left(34.1608,20.4693\right),\left(34.2487,20.5169\right),\left(34.3369,20.5642\right),\left(34.4252,20.6112\right),\left(34.5138,20.6579\right),\left(34.6025,20.7042\right),\left(34.6914,20.7501\right),\left(34.7804,20.7957\right),\left(34.8697,20.841\right),\left(34.9591,20.8859\right),\left(35.0487,20.9305\right),\left(35.1385,20.9747\right),\left(35.2284,21.0185\right),\left(35.3185,21.062\right),\left(35.4088,21.1051\right),\left(35.4993,21.1479\right),\left(35.5899,21.1903\right),\left(35.6807,21.2324\right),\left(35.7717,21.274\right),\left(35.8629,21.3154\right),\left(35.9542,21.3563\right),\left(36.0457,21.3969\right),\left(36.1373,21.4371\right),\left(36.2291,21.4769\right),\left(36.3211,21.5164\right),\left(36.4132,21.5555\right),\left(36.5055,21.5942\right),\left(36.5979,21.6326\right),\left(36.6905,21.6706\right),\left(36.7833,21.7082\right),\left(36.8762,21.7454\right),\left(36.9693,21.7822\right),\left(37.0625,21.8187\right),\left(37.1558,21.8548\right),\left(37.2493,21.8905\right),\left(37.343,21.9258\right),\left(37.4368,21.9608\right),\left(37.5307,21.9954\right),\left(37.6248,22.0295\right),\left(37.719,22.0633\right),\left(37.8134,22.0968\right),\left(37.9078,22.1298\right),\left(38.0025,22.1625\right),\left(38.0972,22.1947\right),\left(38.1921,22.2266\right),\left(38.2871,22.2581\right),\left(38.3823,22.2892\right),\left(38.4775,22.32\right),\left(38.5729,22.3503\right),\left(38.6684,22.3803\right),\left(38.7641,22.4099\right),\left(38.8598,22.4391\right),\left(38.9557,22.4679\right),\left(39.0517,22.4963\right),\left(39.1478,22.5243\right),\left(39.244,22.552\right),\left(39.3403,22.5793\right),\left(39.4368,22.6062\right),\left(39.5333,22.6327\right),\left(39.6299,22.6588\right),\left(39.7267,22.6846\right),\left(39.8235,22.7099\right),\left(39.9205,22.7349\right),\left(40.0175,22.7595\right),\left(40.1147,22.7838\right),\left(40.2119,22.8076\right),\left(40.3092,22.8311\right),\left(40.4067,22.8542\right),\left(40.5042,22.8769\right),\left(40.6018,22.8992\right),\left(40.6994,22.9212\right),\left(40.7972,22.9428\right),\left(40.8951,22.964\right),\left(40.993,22.9849\right),\left(41.091,23.0053\right),\left(41.1891,23.0254\right),\left(41.2872,23.0452\right),\left(41.3855,23.0645\right),\left(41.4838,23.0835\right),\left(41.5822,23.1021\right),\left(41.6806,23.1204\right),\left(41.7791,23.1383\right),\left(41.8777,23.1558\right),\left(41.9763,23.173\right),\left(42.0751,23.1898\right),\left(42.1738,23.2063\right),\left(42.2727,23.2224\right),\left(42.3715,23.2381\right),\left(42.4705,23.2535\right),\left(42.5695,23.2685\right),\left(42.6685,23.2831\right),\left(42.7676,23.2975\right),\left(42.8668,23.3114\right),\left(42.966,23.325\right),\left(43.0652,23.3383\right),\left(43.1645,23.3512\right),\left(43.2639,23.3638\right),\left(43.3633,23.376\right),\left(43.4627,23.3879\right),\left(43.5622,23.3994\right),\left(43.6617,23.4106\right),\left(43.7612,23.4215\right),\left(43.8608,23.432\right),\left(43.9604,23.4422\right),\left(44.0601,23.452\right),\left(44.1598,23.4616\right),\left(44.2595,23.4707\right),\left(44.3592,23.4796\right),\left(44.459,23.4881\right),\left(44.5588,23.4963\right),\left(44.6586,23.5042\right),\left(44.7585,23.5118\right),\left(44.8584,23.519\right),\left(44.9583,23.5259\right),\left(45.0582,23.5325\right),\left(45.1581,23.5388\right),\left(45.2581,23.5447\right),\left(45.3581,23.5504\right),\left(45.4581,23.5557\right),\left(45.5581,23.5607\right),\left(45.6581,23.5654\right),\left(45.7582,23.5698\right),\left(45.8582,23.5739\right),\left(45.9583,23.5777\right),\left(46.0584,23.5812\right),\left(46.1585,23.5844\right),\left(46.2586,23.5873\right),\left(46.3587,23.5898\right),\left(46.4588,23.5921\right),\left(46.5589,23.5941\right),\left(46.659,23.5958\right),\left(46.7592,23.5972\right),\left(46.8593,23.5984\right),\left(46.9594,23.5992\right),\left(47.0596,23.5997\right),\left(47.1597,23.6\right),\left(47.2,23.6\right),\right]
l_{headings}=\left[0,0,0,0,0,0,0,0,0,0,0,0,0,0,0,0,0,0,0,0,0,0,0,0,0,0,0,0,0,0,0,0,0,0,0,0,0,0,0,0,0,0,0,0,0,0,0,0,0,0,0,0,0,0,0,0,0,0,0,0,0,0,0,0,0,0,0,0,0,0,0,0,0,0,0,0,0,0,0,0,0,0,0,0,0,0,0,0,0,0,0,0,0,0,0,0,0,0,0,0,0,0,0,0,0,0,0,0,0,0,0,0,0,0,0,0,0,0,0,0,0,0,0,0,0,0,0,0,0,0,0,0,0,0,0,0,0,0,0,0,0,0,0,0,0,0,0,0,0,0,0,0,0,0,0,0,0,0,0,0,0,0,0,0,0,0,0,0,0,0,0,0,0,0,0,0,0,0,0,0,0,0,0,0,0,0,0,0,0,0,0,0,0,0,0,0,0,0,0,0,0,0,0,0,0,0,0,0,0,0,0,0,0,0,0,0,0,0,0,0,0,0,0,0,0,0,0,0,0,0,0,0,0,0,0,0,2.38419e-06,0.00283116,0.00567601,0.00853674,0.0114136,0.0143066,0.0172157,0.020141,0.0230825,0.0260402,0.0290141,0.0320042,0.0350105,0.0380333,0.0410723,0.0441277,0.0471993,0.0502874,0.0533919,0.0565128,0.0596501,0.0628038,0.0659739,0.0691603,0.0723631,0.0755821,0.0788174,0.0820689,0.0853369,0.0886211,0.0919213,0.0952378,0.0985704,0.101919,0.105284,0.108665,0.112061,0.115474,0.118902,0.122346,0.125806,0.129281,0.132772,0.136278,0.1398,0.143336,0.146888,0.150455,0.154036,0.157633,0.161243,0.164869,0.168509,0.172163,0.175831,0.179513,0.183209,0.186918,0.190641,0.194378,0.198127,0.201889,0.205664,0.209451,0.213251,0.217063,0.220886,0.224721,0.228568,0.232426,0.236295,0.240175,0.244065,0.247965,0.251876,0.255795,0.259725,0.263663,0.267611,0.271567,0.275531,0.279503,0.283483,0.28747,0.291464,0.295465,0.299472,0.303485,0.307504,0.311529,0.315558,0.319592,0.323631,0.327673,0.331719,0.335768,0.33982,0.343874,0.347931,0.351989,0.356048,0.360109,0.364169,0.36823,0.372291,0.376351,0.38041,0.384467,0.388523,0.392576,0.396626,0.400673,0.404717,0.408756,0.412792,0.416822,0.420847,0.424866,0.428879,0.432885,0.436885,0.440877,0.444861,0.448837,0.452804,0.456762,0.460711,0.464649,0.468577,0.472495,0.476401,0.480295,0.484177,0.488047,0.491904,0.495748,0.499578,0.503394,0.507196,0.510982,0.514753,0.518509,0.522249,0.525972,0.529678,0.533367,0.537039,0.540693,0.544328,0.547945,0.551543,0.555122,0.558681,0.562219,0.565738,0.569236,0.572712,0.576168,0.579602,0.583014,0.586404,0.589771,0.593115,0.596437,0.599735,0.603009,0.606259,0.609486,0.612687,0.615865,0.619017,0.622144,0.625246,0.628321,0.631372,0.634396,0.637393,0.640364,0.643309,0.646226,0.649116,0.651979,0.654815,0.657622,0.660402,0.663154,0.665878,0.668573,0.67124,0.673878,0.676488,0.679068,0.68162,0.684142,0.686635,0.689098,0.691532,0.693936,0.69631,0.698655,0.700969,0.703253,0.705508,0.707731,0.709925,0.712088,0.71422,0.716322,0.718393,0.720433,0.722443,0.724422,0.726369,0.728286,0.730171,0.732026,0.733849,0.735641,0.737402,0.739131,0.740829,0.742495,0.74413,0.745734,0.747306,0.748847,0.750356,0.751833,0.753279,0.754693,0.756075,0.757426,0.758745,0.760033,0.761288,0.762512,0.763704,0.764864,0.765992,0.767089,0.768154,0.769186,0.770187,0.771157,0.772094,0.772999,0.773873,0.774715,0.775524,0.776302,0.777048,0.777762,0.778444,0.779095,0.779713,0.7803,0.780854,0.781377,0.781867,0.782326,0.782753,0.783148,0.783511,0.783842,0.784141,0.784409,0.784644,0.784848,0.785019,0.785159,0.785266,0.785342,0.785386,0.785398,0.785378,0.785326,0.785242,0.785126,0.784979,0.784799,0.784588,0.784344,0.784069,0.783762,0.783422,0.783051,0.782648,0.782213,0.781747,0.781248,0.780717,0.780154,0.77956,0.778933,0.778275,0.777585,0.776863,0.776109,0.775323,0.774505,0.773655,0.772774,0.77186,0.770915,0.769938,0.768929,0.767888,0.766815,0.76571,0.764574,0.763405,0.762205,0.760974,0.75971,0.758415,0.757088,0.755729,0.754338,0.752916,0.751462,0.749977,0.74846,0.746911,0.745331,0.743719,0.742076,0.740401,0.738695,0.736958,0.735189,0.733389,0.731558,0.729695,0.727802,0.725877,0.723921,0.721935,0.719917,0.717869,0.715789,0.71368,0.711539,0.709368,0.707166,0.704934,0.702672,0.70038,0.698057,0.695704,0.693322,0.690909,0.688468,0.685996,0.683495,0.680965,0.678405,0.675816,0.673199,0.670552,0.667877,0.665173,0.662441,0.659681,0.656893,0.654077,0.651233,0.648362,0.645463,0.642538,0.639585,0.636606,0.6336,0.630567,0.627509,0.624425,0.621315,0.618179,0.615019,0.611834,0.608623,0.605389,0.60213,0.598847,0.595541,0.592211,0.588858,0.585482,0.582084,0.578664,0.575221,0.571757,0.568272,0.564766,0.561239,0.557691,0.554124,0.550537,0.54693,0.543305,0.539661,0.535999,0.532319,0.528621,0.524906,0.521174,0.517426,0.513662,0.509882,0.506087,0.502277,0.498453,0.494614,0.490762,0.486896,0.483018,0.479127,0.475225,0.47131,0.467385,0.463448,0.459501,0.455544,0.451578,0.447603,0.443619,0.439626,0.435626,0.431619,0.427604,0.423583,0.419556,0.415523,0.411485,0.407442,0.403395,0.399343,0.395289,0.39123,0.38717,0.383106,0.379042,0.374975,0.370908,0.36684,0.362771,0.358703,0.354635,0.350569,0.346503,0.34244,0.338378,0.334319,0.330263,0.326211,0.322162,0.318117,0.314076,0.31004,0.306009,0.301984,0.297965,0.293951,0.289944,0.285944,0.281951,0.277965,0.273987,0.270017,0.266056,0.262103,0.258159,0.254224,0.250299,0.246383,0.242478,0.238583,0.234699,0.230825,0.226962,0.223111,0.219271,0.215443,0.211627,0.207824,0.204032,0.200254,0.196488,0.192735,0.188995,0.185269,0.181556,0.177857,0.174172,0.1705,0.166843,0.163201,0.159572,0.155959,0.15236,0.148776,0.145207,0.141653,0.138114,0.13459,0.131082,0.12759,0.124113,0.120651,0.117206,0.113776,0.110362,0.106964,0.103582,0.100216,0.0968663,0.0935329,0.0902154,0.0869142,0.0836295,0.080361,0.077109,0.0738733,0.070654,0.0674513,0.0642648,0.0610948,0.0579412,0.054804,0.0516833,0.048579,0.0454913,0.0424201,0.0393653,0.036327,0.0333049,0.0302994,0.0273102,0.0243373,0.0213809,0.0184405,0.0155163,0.0126085,0.00971682,0.00684129,0.00398199,0.00113869,6.28319,\right]
running path!
